0.2	0	536
0.257851	536	1072
0.286804	1072	1608
0.315758	1608	2144
0.344711	2144	2680
0.344711	2680	3216
0.373664	3216	3752
0.373664	3752	4288
0.373665	4288	4824
0.402618	4824	5360
0.402618	5360	5896
0.402618	5896	6432
0.402618	6432	6968
0.431571	6968	7504
0.431571	7504	8040
0.431571	8040	8576
0.431571	8576	9112
0.431571	9112	9648
0.431571	9648	10184
0.460524	10184	10720
0.460525	10720	11256
0.460525	11256	11792
0.460525	11792	12328
0.460525	12328	12864
0.460525	12864	13400
0.460525	13400	13936
0.460525	13936	14472
0.460525	14472	15008
0.489478	15008	15544
0.489478	15544	16080
0.489478	16080	16616
0.489478	16616	17152
0.489478	17152	17688
0.489478	17688	18224
0.489478	18224	18760
0.489478	18760	19296
0.489478	19296	19832
0.489479	19832	20368
0.489479	20368	20904
0.489479	20904	21440
0.489479	21440	21976
0.489479	21976	22512
0.518431	22512	23048
0.518431	23048	23584
0.518431	23584	24120
0.518431	24120	24656
0.518432	24656	25192
0.518432	25192	25728
0.518432	25728	26264
0.518432	26264	26800
0.518432	26800	27336
0.518432	27336	27872
0.518432	27872	28408
0.518432	28408	28944
0.518432	28944	29480
0.518432	29480	30016
0.518432	30016	30552
0.518432	30552	31088
0.518432	31088	31624
0.518432	31624	32160
0.518433	32160	32696
0.518433	32696	33232
0.518433	33232	33768
0.547385	33768	34304
0.547385	34304	34840
0.547385	34840	35376
0.547385	35376	35912
0.547385	35912	36448
0.547385	36448	36984
0.547385	36984	37520
0.547385	37520	38056
0.547385	38056	38592
0.547385	38592	39128
0.547385	39128	39664
0.547385	39664	40200
0.547385	40200	40736
0.547386	40736	41272
0.547386	41272	41808
0.547386	41808	42344
0.547386	42344	42880
0.547386	42880	43416
0.547386	43416	43952
0.547386	43952	44488
0.547386	44488	45024
0.547386	45024	45560
0.547386	45560	46096
0.547386	46096	46632
0.547386	46632	47168
0.547386	47168	47704
0.547387	47704	48240
0.547387	48240	48776
0.547387	48776	49312
0.547387	49312	49848
0.547387	49848	50384
0.576338	50384	50920
0.576338	50920	51456
0.576338	51456	51992
0.576338	51992	52528
0.576338	52528	53064
0.576338	53064	53600
0.576338	53600	54136
0.576338	54136	54672
0.576339	54672	55208
0.576339	55208	55744
0.576339	55744	56280
0.576339	56280	56816
0.576339	56816	57352
0.576339	57352	57888
0.576339	57888	58424
0.576339	58424	58960
0.576339	58960	59496
0.576339	59496	60032
0.576339	60032	60568
0.576339	60568	61104
0.576339	61104	61640
0.57634	61640	62176
0.57634	62176	62712
0.57634	62712	63248
0.57634	63248	63784
0.57634	63784	64320
0.57634	64320	64856
0.57634	64856	65392
0.57634	65392	65928
0.57634	65928	66464
0.57634	66464	67000
0.57634	67000	67536
0.57634	67536	68072
0.57634	68072	68608
0.57634	68608	69144
0.576341	69144	69680
0.576341	69680	70216
0.576341	70216	70752
0.576341	70752	71288
0.576341	71288	71824
0.576341	71824	72360
0.576341	72360	72896
0.576341	72896	73432
0.576341	73432	73968
0.576341	73968	74504
0.576341	74504	75040
0.576341	75040	75576
0.605291	75576	76112
0.605291	76112	76648
0.605291	76648	77184
0.605292	77184	77720
0.605292	77720	78256
0.605292	78256	78792
0.605292	78792	79328
0.605292	79328	79864
0.605292	79864	80400
0.605292	80400	80936
0.605292	80936	81472
0.605292	81472	82008
0.605292	82008	82544
0.605292	82544	83080
0.605292	83080	83616
0.605292	83616	84152
0.605293	84152	84688
0.605293	84688	85224
0.605293	85224	85760
0.605293	85760	86296
0.605293	86296	86832
0.605293	86832	87368
0.605293	87368	87904
0.605293	87904	88440
0.605293	88440	88976
0.605293	88976	89512
0.605293	89512	90048
0.605293	90048	90584
0.605293	90584	91120
0.605293	91120	91656
0.605294	91656	92192
0.605294	92192	92728
0.605294	92728	93264
0.605294	93264	93800
0.605294	93800	94336
0.605294	94336	94872
0.605294	94872	95408
0.605294	95408	95944
0.605294	95944	96480
0.605294	96480	97016
0.605294	97016	97552
0.605294	97552	98088
0.605294	98088	98624
0.605295	98624	99160
0.605295	99160	99696
0.605295	99696	100232
0.605295	100232	100768
0.605295	100768	101304
0.605295	101304	101840
0.605295	101840	102376
0.605295	102376	102912
0.605295	102912	103448
0.605295	103448	103984
0.605295	103984	104520
0.605295	104520	105056
0.605295	105056	105592
0.605296	105592	106128
0.605296	106128	106664
0.605296	106664	107200
0.605296	107200	107736
0.605296	107736	108272
0.605296	108272	108808
0.605296	108808	109344
0.605296	109344	109880
0.605296	109880	110416
0.605296	110416	110952
0.605296	110952	111488
0.605296	111488	112024
0.605296	112024	112560
0.605296	112560	113096
0.634245	113096	113632
0.634245	113632	114168
0.634245	114168	114704
0.634245	114704	115240
0.634245	115240	115776
0.634245	115776	116312
0.634245	116312	116848
0.634245	116848	117384
0.634245	117384	117920
0.634245	117920	118456
0.634245	118456	118992
0.634246	118992	119528
0.634246	119528	120064
0.634246	120064	120600
0.634246	120600	121136
0.634246	121136	121672
0.634246	121672	122208
0.634246	122208	122744
0.634246	122744	123280
0.634246	123280	123816
0.634246	123816	124352
0.634246	124352	124888
0.634246	124888	125424
0.634246	125424	125960
0.634246	125960	126496
0.634247	126496	127032
0.634247	127032	127568
0.634247	127568	128104
0.634247	128104	128640
0.634247	128640	129176
0.634247	129176	129712
0.634247	129712	130248
0.634247	130248	130784
0.634247	130784	131320
0.634247	131320	131856
0.634247	131856	132392
0.634247	132392	132928
0.634247	132928	133464
0.634248	133464	134000
0.634248	134000	134536
0.634248	134536	135072
0.634248	135072	135608
0.634248	135608	136144
0.634248	136144	136680
0.634248	136680	137216
0.634248	137216	137752
0.634248	137752	138288
0.634248	138288	138824
0.634248	138824	139360
0.634248	139360	139896
0.634248	139896	140432
0.634249	140432	140968
0.634249	140968	141504
0.634249	141504	142040
0.634249	142040	142576
0.634249	142576	143112
0.634249	143112	143648
0.634249	143648	144184
0.634249	144184	144720
0.634249	144720	145256
0.634249	145256	145792
0.634249	145792	146328
0.634249	146328	146864
0.634249	146864	147400
0.634249	147400	147936
0.63425	147936	148472
0.635243	148472	149008
0.635243	149008	149544
0.635243	149544	150080
0.636241	150080	150616
0.636242	150616	151152
0.636242	151152	151688
0.636242	151688	152224
0.63724	152224	152760
0.63724	152760	153296
0.63724	153296	153832
0.63724	153832	154368
0.638238	154368	154904
0.638238	154904	155440
0.638238	155440	155976
0.639237	155976	156512
0.639237	156512	157048
0.639237	157048	157584
0.639237	157584	158120
0.640235	158120	158656
0.640235	158656	159192
0.640235	159192	159728
0.640235	159728	160264
0.64323	160264	160800
0.64323	160800	161336
0.64323	161336	161872
0.64323	161872	162408
0.643231	162408	162944
0.643231	162944	163480
0.643231	163480	164016
0.643231	164016	164552
0.643231	164552	165088
0.643231	165088	165624
0.643231	165624	166160
0.644229	166160	166696
0.644229	166696	167232
0.644229	167232	167768
0.645227	167768	168304
0.645227	168304	168840
0.645227	168840	169376
0.645227	169376	169912
0.646225	169912	170448
0.646225	170448	170984
0.663198	170984	171520
0.663198	171520	172056
0.663198	172056	172592
0.663198	172592	173128
0.663198	173128	173664
0.663198	173664	174200
0.663198	174200	174736
0.663199	174736	175272
0.663199	175272	175808
0.663199	175808	176344
0.663199	176344	176880
0.663199	176880	177416
0.663199	177416	177952
0.663199	177952	178488
0.663199	178488	179024
0.663199	179024	179560
0.663199	179560	180096
0.663199	180096	180632
0.663199	180632	181168
0.663199	181168	181704
0.6632	181704	182240
0.6632	182240	182776
0.6632	182776	183312
0.6632	183312	183848
0.6632	183848	184384
0.6632	184384	184920
0.6632	184920	185456
0.6632	185456	185992
0.6632	185992	186528
0.6632	186528	187064
0.664196	187064	187600
0.664197	187600	188136
0.664197	188136	188672
0.664197	188672	189208
0.665195	189208	189744
0.665195	189744	190280
0.665195	190280	190816
0.665195	190816	191352
0.666193	191352	191888
0.666193	191888	192424
0.666193	192424	192960
0.667192	192960	193496
0.667192	193496	194032
0.667192	194032	194568
0.667192	194568	195104
0.66819	195104	195640
0.66819	195640	196176
0.66819	196176	196712
0.66819	196712	197248
0.669188	197248	197784
0.669188	197784	198320
0.669189	198320	198856
0.672184	198856	199392
0.672184	199392	199928
0.672184	199928	200464
0.672184	200464	201000
0.672184	201000	201536
0.672184	201536	202072
0.672184	202072	202608
0.672184	202608	203144
0.672184	203144	203680
0.672184	203680	204216
0.672184	204216	204752
0.673182	204752	205288
0.673182	205288	205824
0.673182	205824	206360
0.673182	206360	206896
0.67418	206896	207432
0.67418	207432	207968
0.674181	207968	208504
0.674181	208504	209040
0.675179	209040	209576
0.675179	209576	210112
0.675179	210112	210648
0.676177	210648	211184
0.676177	211184	211720
0.676177	211720	212256
0.676177	212256	212792
0.677176	212792	213328
0.677176	213328	213864
0.677176	213864	214400
0.677176	214400	214936
0.678174	214936	215472
0.678174	215472	216008
0.678174	216008	216544
0.681169	216544	217080
0.681169	217080	217616
0.681169	217616	218152
0.681169	218152	218688
0.681169	218688	219224
0.681169	219224	219760
0.68117	219760	220296
0.68117	220296	220832
0.68117	220832	221368
0.68117	221368	221904
0.68117	221904	222440
0.682167	222440	222976
0.682168	222976	223512
0.682168	223512	224048
0.682168	224048	224584
0.683166	224584	225120
0.683166	225120	225656
0.683166	225656	226192
0.684164	226192	226728
0.684164	226728	227264
0.684164	227264	227800
0.684165	227800	228336
0.685163	228336	228872
0.685163	228872	229408
0.685163	229408	229944
0.685163	229944	230480
0.686161	230480	231016
0.686161	231016	231552
0.686161	231552	232088
0.687159	232088	232624
0.68716	232624	233160
0.68716	233160	233696
0.68716	233696	234232
0.690155	234232	234768
0.690155	234768	235304
0.690155	235304	235840
0.690155	235840	236376
0.690155	236376	236912
0.690155	236912	237448
0.690155	237448	237984
0.690155	237984	238520
0.690155	238520	239056
0.690155	239056	239592
0.690155	239592	240128
0.691153	240128	240664
0.691153	240664	241200
0.691153	241200	241736
0.691153	241736	242272
0.692151	242272	242808
0.692151	242808	243344
0.692152	243344	243880
0.69315	243880	244416
0.69315	244416	244952
0.69315	244952	245488
0.69315	245488	246024
0.694148	246024	246560
0.694148	246560	247096
0.694148	247096	247632
0.694148	247632	248168
0.695147	248168	248704
0.695147	248704	249240
0.695147	249240	249776
0.696145	249776	250312
0.696145	250312	250848
0.696145	250848	251384
0.696145	251384	251920
0.69914	251920	252456
0.69914	252456	252992
0.69914	252992	253528
0.69914	253528	254064
0.69914	254064	254600
0.699141	254600	255136
0.699141	255136	255672
0.699141	255672	256208
0.699141	256208	256744
0.699141	256744	257280
0.699141	257280	257816
0.700139	257816	258352
0.700139	258352	258888
0.700139	258888	259424
0.700139	259424	259960
0.701137	259960	260496
0.701137	260496	261032
0.701137	261032	261568
0.702135	261568	262104
0.702135	262104	262640
0.709124	262640	263176
0.717112	263176	263712
0.726097	263712	264248
0.731089	264248	264784
0.739076	264784	265320
0.746065	265320	265856
0.754052	265856	266392
0.762039	266392	266928
0.768029	266928	267464
0.776016	267464	268000
0.783005	268000	268536
0.789994	268536	269072
0.797982	269072	269608
0.806967	269608	270144
0.812957	270144	270680
0.819946	270680	271216
0.826935	271216	271752
0.834921	271752	272288
0.842909	272288	272824
0.851894	272824	273360
0.856886	273360	273896
0.863875	273896	274432
0.871862	274432	274968
0.878851	274968	275504
0.887836	275504	276040
0.893827	276040	276576
0.900815	276576	277112
0.908802	277112	277648
0.915791	277648	278184
0.923779	278184	278720
0.932764	278720	279256
0.937756	279256	279792
0.945743	279792	280328
0.952732	280328	280864
0.959721	280864	281400
0.968706	281400	281936
0.974696	281936	282472
0.981685	282472	283008
0.989672	283008	283544
0.996661	283544	284080
1.00465	284080	284616
1.01363	284616	285152
1.01863	285152	285688
1.02661	285688	286224
1.0336	286224	286760
1.04159	286760	287296
1.04958	287296	287832
1.05557	287832	288368
1.06355	288368	288904
1.07054	288904	289440
1.07753	289440	289976
1.08552	289976	290512
1.0945	290512	291048
1.10049	291048	291584
1.10748	291584	292120
1.11447	292120	292656
1.12246	292656	293192
1.13045	293192	293728
1.13943	293728	294264
1.14442	294264	294800
1.15141	294800	295336
1.1594	295336	295872
1.16639	295872	296408
1.17537	296408	296944
1.18136	296944	297480
1.18835	297480	298016
1.19634	298016	298552
1.20333	298552	299088
1.21132	299088	299624
1.2203	299624	300160
1.22529	300160	300696
1.23328	300696	301232
1.24027	301232	301768
1.24726	301768	302304
1.25624	302304	302840
1.26223	302840	303376
1.26922	303376	303912
1.27721	303912	304448
1.2842	304448	304984
1.29219	304984	305520
1.30117	305520	306056
1.30616	306056	306592
1.31415	306592	307128
1.32114	307128	307664
1.32913	307664	308200
1.33711	308200	308736
1.3431	308736	309272
1.35109	309272	309808
1.35808	309808	310344
1.36507	310344	310880
1.37306	310880	311416
1.38204	311416	311952
1.38803	311952	312488
1.39502	312488	313024
1.40201	313024	313560
1.41	313560	314096
1.41798	314096	314632
1.42697	314632	315168
1.43196	315168	315704
1.43895	315704	316240
1.44694	316240	316776
1.45393	316776	317312
1.46291	317312	317848
1.4689	317848	318384
1.47589	318384	318920
1.48388	318920	319456
1.49087	319456	319992
1.49885	319992	320528
1.50784	320528	321064
1.51283	321064	321600
1.52082	321600	322136
1.52781	322136	322672
1.5348	322672	323208
1.54378	323208	323744
1.54977	323744	324280
1.55676	324280	324816
1.56475	324816	325352
1.57173	325352	325888
1.57972	325888	326424
1.58871	326424	326960
1.5937	326960	327496
1.60169	327496	328032
1.60868	328032	328568
1.61666	328568	329104
1.62465	329104	329640
1.63064	329640	330176
1.63863	330176	330712
1.64562	330712	331248
1.6526	331248	331784
1.66059	331784	332320
1.66958	332320	332856
1.67557	332856	333392
1.68256	333392	333928
1.68955	333928	334464
1.69753	334464	335000
1.70552	335000	335536
1.7145	335536	336072
1.7195	336072	336608
1.72649	336608	337144
1.73447	337144	337680
1.74146	337680	338216
1.75045	338216	338752
1.75644	338752	339288
1.76343	339288	339824
1.77141	339824	340360
1.7784	340360	340896
1.78639	340896	341432
1.79537	341432	341968
1.80037	341968	342504
1.80835	342504	343040
1.81534	343040	343576
1.82233	343576	344112
1.83132	344112	344648
1.83731	344648	345184
1.8443	345184	345720
1.85228	345720	346256
1.85927	346256	346792
1.86726	346792	347328
1.87624	347328	347864
1.88124	347864	348400
1.88922	348400	348936
1.89621	348936	349472
1.9042	349472	350008
1.91219	350008	350544
1.91818	350544	351080
1.92616	351080	351616
1.93315	351616	352152
1.94014	352152	352688
1.94813	352688	353224
1.95711	353224	353760
1.9631	353760	354296
1.97009	354296	354832
1.97708	354832	355368
1.98507	355368	355904
1.99306	355904	356440
2.00204	356440	356976
2.00703	356976	357512
2.01402	357512	358048
2.02201	358048	358584
2.029	358584	359120
2.03798	359120	359656
2.04397	359656	360192
2.05096	360192	360728
2.05895	360728	361264
2.06594	361264	361800
2.07393	361800	362336
2.08291	362336	362872
2.0879	362872	363408
2.09589	363408	363944
2.10288	363944	364480
2.10987	364480	365016
2.11885	365016	365552
2.12484	365552	366088
2.13183	366088	366624
2.13982	366624	367160
2.14681	367160	367696
2.1548	367696	368232
2.16378	368232	368768
2.16877	368768	369304
2.17676	369304	369840
2.18375	369840	370376
2.19174	370376	370912
2.19972	370912	371448
2.20571	371448	371984
2.2137	371984	372520
2.22069	372520	373056
2.22768	373056	373592
2.23567	373592	374128
2.24465	374128	374664
2.25064	374664	375200
2.25763	375200	375736
2.26462	375736	376272
2.27261	376272	376808
2.28059	376808	377344
2.28958	377344	377880
2.29457	377880	378416
2.30156	378416	378952
2.30955	378952	379488
2.31654	379488	380024
2.32552	380024	380560
2.33151	380560	381096
2.3385	381096	381632
2.34649	381632	382168
2.35348	382168	382704
2.36146	382704	383240
2.37045	383240	383776
2.37544	383776	384312
2.38343	384312	384848
2.39042	384848	385384
2.39741	385384	385920
2.40639	385920	386456
2.41238	386456	386992
2.41937	386992	387528
2.42736	387528	388064
2.43435	388064	388600
2.44233	388600	389136
2.45132	389136	389672
2.45631	389672	390208
2.4643	390208	390744
2.47129	390744	391280
2.47927	391280	391816
2.48726	391816	392352
2.49325	392352	392888
2.50124	392888	393424
2.50823	393424	393960
2.51522	393960	394496
2.5232	394496	395032
2.53219	395032	395568
2.53818	395568	396104
2.54517	396104	396640
2.55216	396640	397176
2.56014	397176	397712
2.56813	397712	398248
2.57712	398248	398784
2.58211	398784	399320
2.5891	399320	399856
2.59708	399856	400392
2.60407	400392	400928
2.61306	400928	401464
2.61905	401464	402000
2.62604	402000	402536
2.63402	402536	403072
2.64101	403072	403608
2.649	403608	404144
2.65799	404144	404680
2.66298	404680	405216
2.67096	405216	405752
2.67795	405752	406288
2.68494	406288	406824
2.69393	406824	407360
2.69992	407360	407896
2.70691	407896	408432
2.71489	408432	408968
2.72188	408968	409504
2.72987	409504	410040
2.73886	410040	410576
2.74385	410576	411112
2.75183	411112	411648
2.75882	411648	412184
2.76681	412184	412720
2.7748	412720	413256
2.78079	413256	413792
2.78877	413792	414328
2.79576	414328	414864
2.80275	414864	415400
2.81074	415400	415936
2.81972	415936	416472
2.82572	416472	417008
2.8327	417008	417544
2.83969	417544	418080
2.84768	418080	418616
2.85567	418616	419152
2.86465	419152	419688
2.86964	419688	420224
2.87663	420224	420760
2.88462	420760	421296
2.89161	421296	421832
2.90059	421832	422368
2.90658	422368	422904
2.91357	422904	423440
2.92156	423440	423976
2.92855	423976	424512
2.93654	424512	425048
2.94552	425048	425584
2.95051	425584	426120
2.9585	426120	426656
2.96549	426656	427192
2.97248	427192	427728
2.98146	427728	428264
2.98745	428264	428800
2.99444	428800	429336
3.00243	429336	429872
3.00942	429872	430408
3.01741	430408	430944
3.02639	430944	431480
3.03138	431480	432016
3.03937	432016	432552
3.04636	432552	433088
3.05435	433088	433624
3.06233	433624	434160
3.06832	434160	434696
3.07631	434696	435232
3.0833	435232	435768
3.09029	435768	436304
3.09828	436304	436840
3.10726	436840	437376
3.11325	437376	437912
3.12024	437912	438448
3.12723	438448	438984
3.13522	438984	439520
3.1432	439520	440056
3.15219	440056	440592
3.15718	440592	441128
3.16417	441128	441664
3.17216	441664	442200
3.17915	442200	442736
3.18813	442736	443272
3.19412	443272	443808
3.20111	443808	444344
3.2091	444344	444880
3.21609	444880	445416
3.22407	445416	445952
3.23306	445952	446488
3.23805	446488	447024
3.24604	447024	447560
3.25303	447560	448096
3.26002	448096	448632
3.269	448632	449168
3.27499	449168	449704
3.28198	449704	450240
3.28997	450240	450776
3.29696	450776	451312
3.30494	451312	451848
3.31393	451848	452384
3.31892	452384	452920
3.32691	452920	453456
3.3339	453456	453992
3.34188	453992	454528
3.34987	454528	455064
3.35586	455064	455600
3.36385	455600	456136
3.37084	456136	456672
3.37783	456672	457208
3.38581	457208	457744
3.3948	457744	458280
3.40079	458280	458816
3.40778	458816	459352
3.41477	459352	459888
3.42275	459888	460424
3.43074	460424	460960
3.43973	460960	461496
3.44472	461496	462032
3.45171	462032	462568
3.45969	462568	463104
3.46668	463104	463640
3.47567	463640	464176
3.48166	464176	464712
3.48865	464712	465248
3.49663	465248	465784
3.50362	465784	466320
3.51161	466320	466856
3.5206	466856	467392
3.52559	467392	467928
3.53358	467928	468464
3.54056	468464	469000
3.54755	469000	469536
3.55654	469536	470072
3.56253	470072	470608
3.56952	470608	471144
3.5775	471144	471680
3.58449	471680	472216
3.59248	472216	472752
3.60147	472752	473288
3.60646	473288	473824
3.61444	473824	474360
3.62143	474360	474896
3.62942	474896	475432
3.63741	475432	475968
3.6434	475968	476504
3.65139	476504	477040
3.65837	477040	477576
3.66536	477576	478112
3.67335	478112	478648
3.68234	478648	479184
3.68833	479184	479720
3.69531	479720	480256
3.7023	480256	480792
3.71029	480792	481328
3.71828	481328	481864
3.72726	481864	482400
3.73226	482400	482936
3.73924	482936	483472
3.74723	483472	484008
3.75422	484008	484544
3.76321	484544	485080
3.7692	485080	485616
3.77618	485616	486152
3.78417	486152	486688
3.79116	486688	487224
3.79915	487224	487760
3.80813	487760	488296
3.81312	488296	488832
3.82111	488832	489368
3.8281	489368	489904
3.83509	489904	490440
3.84408	490440	490976
3.85007	490976	491512
3.85705	491512	492048
3.86504	492048	492584
3.87203	492584	493120
3.88002	493120	493656
3.889	493656	494192
3.89399	494192	494728
3.90198	494728	495264
3.90897	495264	495800
3.91696	495800	496336
3.92495	496336	496872
3.93094	496872	497408
3.93892	497408	497944
3.94591	497944	498480
3.9529	498480	499016
3.96089	499016	499552
3.96987	499552	500088
3.97586	500088	500624
3.98285	500624	501160
3.98984	501160	501696
3.99783	501696	502232
4.00581	502232	502768
4.0148	502768	503304
4.01979	503304	503840
4.02678	503840	504376
4.03477	504376	504912
4.04176	504912	505448
4.05074	505448	505984
4.05673	505984	506520
4.06372	506520	507056
4.07171	507056	507592
4.0787	507592	508128
4.08668	508128	508664
4.09567	508664	509200
4.10066	509200	509736
4.10865	509736	510272
4.11564	510272	510808
4.12263	510808	511344
4.13161	511344	511880
4.1376	511880	512416
4.14459	512416	512952
4.15258	512952	513488
4.15957	513488	514024
4.16755	514024	514560
4.17654	514560	515096
4.18153	515096	515632
4.18952	515632	516168
4.19651	516168	516704
4.20449	516704	517240
4.21248	517240	517776
4.21847	517776	518312
4.22646	518312	518848
4.23345	518848	519384
4.24044	519384	519920
4.24842	519920	520456
4.25741	520456	520992
4.2634	520992	521528
4.27039	521528	522064
4.27738	522064	522600
4.28536	522600	523136
4.29335	523136	523672
4.30234	523672	524208
4.30733	524208	524744
4.31432	524744	525280
4.3223	525280	525816
4.32929	525816	526352
4.33828	526352	526888
4.34427	526888	527424
4.35126	527424	527960
4.35925	527960	528496
4.36623	528496	529032
4.37422	529032	529568
4.38321	529568	530104
4.3882	530104	530640
4.39619	530640	531176
4.40317	531176	531712
4.41016	531712	532248
4.41915	532248	532784
4.42514	532784	533320
4.43213	533320	533856
4.44012	533856	534392
4.4471	534392	534928
4.45509	534928	535464
4.46408	535464	536000
4.46907	536000	536536
4.47706	536536	537072
4.48404	537072	537608
4.49203	537608	538144
4.50002	538144	538680
4.50601	538680	539216
4.514	539216	539752
4.52098	539752	540288
4.52797	540288	540824
4.53596	540824	541360
4.54495	541360	541896
4.55094	541896	542432
4.55793	542432	542968
4.56491	542968	543504
4.5729	543504	544040
4.58089	544040	544576
4.58987	544576	545112
4.59487	545112	545648
4.60185	545648	546184
4.60984	546184	546720
4.61683	546720	547256
4.62582	547256	547792
4.63181	547792	548328
4.6388	548328	548864
4.64678	548864	549400
4.65377	549400	549936
4.66176	549936	550472
4.67074	550472	551008
4.67574	551008	551544
4.68372	551544	552080
4.69071	552080	552616
4.6977	552616	553152
4.70669	553152	553688
4.71268	553688	554224
4.71966	554224	554760
4.72765	554760	555296
4.73464	555296	555832
4.74263	555832	556368
4.75161	556368	556904
4.75661	556904	557440
4.76459	557440	557976
4.77158	557976	558512
4.77957	558512	559048
4.78756	559048	559584
4.79355	559584	560120
4.80153	560120	560656
4.80852	560656	561192
4.81551	561192	561728
4.8235	561728	562264
4.83248	562264	562800
4.83847	562800	563336
4.84546	563336	563872
4.85245	563872	564408
4.86044	564408	564944
4.86843	564944	565480
4.87741	565480	566016
4.8824	566016	566552
4.88939	566552	567088
4.89738	567088	567624
4.90437	567624	568160
4.91335	568160	568696
4.91934	568696	569232
4.92633	569232	569768
4.93432	569768	570304
4.94131	570304	570840
4.9493	570840	571376
4.95828	571376	571912
4.96327	571912	572448
4.97126	572448	572984
4.97825	572984	573520
4.98524	573520	574056
4.99422	574056	574592
5.00021	574592	575128
5.0072	575128	575664
5.01519	575664	576200
5.02218	576200	576736
5.03017	576736	577272
5.03915	577272	577808
5.04414	577808	578344
5.05213	578344	578880
5.05912	578880	579416
5.06711	579416	579952
5.07509	579952	580488
5.08108	580488	581024
5.08907	581024	581560
5.09606	581560	582096
5.10305	582096	582632
5.11104	582632	583168
5.12002	583168	583704
5.12601	583704	584240
5.133	584240	584776
5.13999	584776	585312
5.35281	585312	467928
5.35281	467928	468464
5.35281	468464	469000
5.35281	469000	469536
5.35281	469536	470072
5.35281	470072	470608
5.35281	470608	471144
5.35281	471144	471680
5.35281	471680	472216
5.35281	472216	472752
5.35281	472752	473288
5.35281	473288	473824
5.35281	473824	474360
5.35281	474360	474896
5.35281	474896	475432
5.35281	475432	475968
5.35281	475968	476504
5.35281	476504	477040
5.35281	477040	477576
5.35281	477576	478112
5.35281	478112	478648
5.35281	478648	479184
5.35281	479184	479720
5.35281	479720	480256
5.35281	480256	480792
5.35281	480792	481328
5.35281	481328	481864
5.35281	481864	482400
5.35281	482400	482936
5.35281	482936	483472
5.35281	483472	484008
5.35281	484008	484544
5.35281	484544	485080
5.35281	485080	485616
5.35281	485616	486152
5.35281	486152	486688
5.35281	486688	487224
5.35281	487224	487760
5.35281	487760	488296
5.35281	488296	488832
5.35281	488832	489368
5.35281	489368	489904
5.35281	489904	490440
5.35281	490440	490976
5.35281	490976	491512
5.35281	491512	492048
5.35281	492048	492584
5.35281	492584	493120
5.35281	493120	493656
5.35281	493656	494192
5.35281	494192	494728
5.35281	494728	495264
5.35281	495264	495800
5.35281	495800	496336
5.35281	496336	496872
5.35281	496872	497408
5.35281	497408	497944
5.35281	497944	498480
5.35281	498480	499016
5.35281	499016	499552
5.35281	499552	500088
5.35281	500088	500624
5.35281	500624	501160
5.35281	501160	501696
5.35281	501696	502232
5.35281	502232	502768
5.35281	502768	503304
5.35281	503304	503840
5.35281	503840	504376
5.35281	504376	504912
5.35281	504912	505448
5.35281	505448	505984
5.35281	505984	506520
5.35281	506520	507056
5.35281	507056	507592
5.35281	507592	508128
5.35281	508128	508664
5.35281	508664	509200
5.35281	509200	509736
5.35281	509736	510272
5.35281	510272	510808
5.35281	510808	511344
5.35281	511344	511880
5.35281	511880	512416
5.35281	512416	512952
5.35281	512952	513488
5.35281	513488	514024
5.35281	514024	514560
5.35281	514560	515096
5.35281	515096	515632
5.35281	515632	516168
5.35281	516168	516704
5.35281	516704	517240
5.35281	517240	517776
5.35281	517776	518312
5.35281	518312	518848
5.35281	518848	519384
5.35281	519384	519920
5.35281	519920	520456
5.35281	520456	520992
5.35281	520992	521528
5.35281	521528	522064
5.35281	522064	522600
5.35281	522600	523136
5.35281	523136	523672
5.35281	523672	524208
5.35281	524208	524744
5.35281	524744	525280
5.35281	525280	525816
5.35281	525816	526352
5.35281	526352	526888
5.35281	526888	527424
5.35281	527424	527960
5.35281	527960	528496
5.35281	528496	529032
5.35281	529032	529568
5.35281	529568	530104
5.35282	530104	530640
5.35282	530640	531176
5.35282	531176	531712
5.35282	531712	532248
5.35282	532248	532784
5.35282	532784	533320
5.35282	533320	533856
5.35282	533856	534392
5.35282	534392	534928
5.35282	534928	535464
5.35282	535464	536000
5.35282	536000	536536
5.35282	536536	537072
5.35282	537072	537608
5.35282	537608	538144
5.35282	538144	538680
5.35282	538680	539216
5.35282	539216	539752
5.35282	539752	540288
5.35282	540288	540824
5.35282	540824	541360
5.35282	541360	541896
5.35282	541896	542432
5.35282	542432	542968
5.35282	542968	543504
5.35282	543504	544040
5.35282	544040	544576
5.35282	544576	545112
5.35282	545112	545648
5.35282	545648	546184
5.35282	546184	546720
5.35282	546720	547256
5.35282	547256	547792
5.35282	547792	548328
5.35282	548328	548864
5.35282	548864	549400
5.35282	549400	549936
5.35282	549936	550472
5.35282	550472	551008
5.35282	551008	551544
5.35282	551544	552080
5.35282	552080	552616
5.35282	552616	553152
5.35282	553152	553688
5.35282	553688	554224
5.35282	554224	554760
5.35282	554760	555296
5.35282	555296	555832
5.35282	555832	556368
5.35282	556368	556904
5.35282	556904	557440
5.35282	557440	557976
5.35282	557976	558512
5.35282	558512	559048
5.35282	559048	559584
5.35282	559584	560120
5.35282	560120	560656
5.35282	560656	561192
5.35282	561192	561728
5.35282	561728	562264
5.35282	562264	562800
5.35282	562800	563336
5.35282	563336	563872
5.35282	563872	564408
5.35282	564408	564944
5.35282	564944	565480
5.35282	565480	566016
5.35282	566016	566552
5.35282	566552	567088
5.35282	567088	567624
5.35282	567624	568160
5.35282	568160	568696
5.35282	568696	569232
5.35282	569232	569768
5.35282	569768	570304
5.35282	570304	570840
5.35282	570840	571376
5.35282	571376	571912
5.35282	571912	572448
5.35282	572448	572984
5.35282	572984	573520
5.35282	573520	574056
5.35282	574056	574592
5.35282	574592	575128
5.35282	575128	575664
5.35282	575664	576200
5.35282	576200	576736
5.35282	576736	577272
5.35282	577272	577808
5.35282	577808	578344
5.35282	578344	578880
5.3816	578880	579416
5.3816	579416	463104
5.3816	463104	463640
5.3816	463640	464176
5.3816	464176	464712
5.3816	464712	465248
5.3816	465248	465784
5.3816	465784	466320
5.3816	466320	466856
5.3816	466856	467392
5.3816	467392	467928
5.3816	467928	468464
5.3816	468464	469000
5.3816	469000	469536
5.3816	469536	470072
5.3816	470072	470608
5.3816	470608	471144
5.3816	471144	471680
5.3816	471680	472216
5.3816	472216	472752
6.46785	472752	473288
6.4968	473288	378416
6.4968	378416	378952
6.4968	378952	379488
6.4968	379488	380024
6.4968	380024	380560
6.4968	380560	381096
6.4968	381096	381632
6.4968	381632	382168
6.4968	382168	382704
6.4968	382704	383240
6.4968	383240	383776
6.4968	383776	384312
6.4968	384312	384848
6.4968	384848	385384
6.4968	385384	385920
6.4968	385920	386456
6.4968	386456	386992
6.52576	386992	387528
6.55571	387528	388064
6.58067	388064	388600
6.60463	388600	389136
6.6226	389136	389672
6.64257	389672	390208
6.66254	390208	390744
6.6825	390744	391280
6.69948	391280	391816
6.71645	391816	392352
6.73342	392352	392888
6.75039	392888	393424
6.76737	393424	393960
6.78534	393960	394496
6.80231	394496	395032
6.82028	395032	395568
6.83825	395568	396104
6.85622	396104	396640
6.8712	396640	397176
6.88817	397176	397712
6.90514	397712	398248
6.92212	398248	398784
6.94009	398784	399320
6.95706	399320	399856
6.97503	399856	400392
6.99201	400392	400928
7.00998	400928	401464
7.02695	401464	402000
7.04492	402000	402536
7.06289	402536	403072
7.08086	403072	403608
7.09883	403608	404144
7.21964	404144	404680
7.21964	404680	323208
7.21964	323208	323744
7.21964	323744	324280
7.21964	324280	324816
7.21964	324816	325352
7.21964	325352	325888
7.21964	325888	326424
7.21964	326424	326960
7.21964	326960	327496
7.21964	327496	328032
7.21964	328032	328568
7.21964	328568	329104
7.21964	329104	329640
7.21964	329640	330176
7.21964	330176	330712
7.21964	330712	331248
7.21964	331248	331784
7.21964	331784	332320
7.21964	332320	332856
7.21964	332856	333392
7.21964	333392	333928
7.21964	333928	334464
7.21964	334464	335000
7.21964	335000	335536
7.21989	335536	336072
7.21989	336072	336608
7.21989	336608	337144
7.21989	337144	337680
7.21989	337680	338216
7.21989	338216	338752
7.21989	338752	339288
7.21989	339288	339824
7.21989	339824	340360
7.21989	340360	340896
7.21989	340896	341432
7.21989	341432	341968
7.21989	341968	342504
7.21989	342504	343040
7.21989	343040	343576
7.21989	343576	344112
7.21989	344112	344648
7.21989	344648	345184
7.21989	345184	345720
7.21989	345720	346256
7.21989	346256	346792
7.21989	346792	347328
7.21989	347328	347864
7.21989	347864	348400
7.21989	348400	348936
7.21989	348936	349472
7.21989	349472	350008
7.21989	350008	350544
7.22014	350544	351080
7.22014	351080	351616
7.22014	351616	352152
7.22014	352152	352688
7.22014	352688	353224
7.22014	353224	353760
7.22014	353760	354296
7.22014	354296	354832
7.22014	354832	355368
7.22014	355368	355904
7.22014	355904	356440
7.22014	356440	356976
7.22014	356976	357512
7.22014	357512	358048
7.22014	358048	358584
7.22014	358584	359120
7.22014	359120	359656
7.22014	359656	360192
7.22014	360192	360728
7.22014	360728	361264
7.22014	361264	361800
7.22014	361800	362336
7.22014	362336	362872
7.22014	362872	363408
7.22014	363408	363944
7.22014	363944	364480
7.22014	364480	365016
7.22014	365016	365552
7.22039	365552	366088
7.22039	366088	366624
7.22039	366624	367160
7.22039	367160	367696
7.22039	367696	368232
7.22039	368232	368768
7.22039	368768	369304
7.22039	369304	369840
7.22039	369840	370376
7.22039	370376	370912
7.22039	370912	371448
7.22039	371448	371984
7.22039	371984	372520
7.22039	372520	373056
7.22039	373056	373592
7.22039	373592	374128
7.22039	374128	374664
7.22039	374664	375200
7.22039	375200	375736
7.22039	375736	376272
7.22039	376272	376808
7.22039	376808	377344
7.22039	377344	377880
7.22039	377880	378416
7.22039	378416	378952
7.22039	378952	379488
7.22039	379488	380024
7.22064	380024	380560
7.22064	380560	381096
7.22064	381096	381632
7.22064	381632	382168
7.22064	382168	382704
7.22064	382704	383240
7.22064	383240	383776
7.22064	383776	384312
7.22064	384312	384848
7.22064	384848	385384
7.22064	385384	385920
7.22064	385920	386456
7.22064	386456	386992
7.22064	386992	387528
7.22064	387528	388064
7.22064	388064	388600
7.22064	388600	389136
7.22064	389136	389672
7.22064	389672	390208
7.22064	390208	390744
7.22064	390744	391280
7.22064	391280	391816
7.22064	391816	392352
7.22064	392352	392888
7.22064	392888	393424
7.22064	393424	393960
7.22064	393960	394496
7.22064	394496	395032
7.22089	395032	395568
7.22089	395568	396104
7.22089	396104	396640
7.22089	396640	397176
7.22089	397176	397712
7.22089	397712	398248
7.22089	398248	398784
7.22089	398784	399320
7.22089	399320	399856
7.22089	399856	400392
7.22089	400392	400928
7.22089	400928	401464
7.22089	401464	402000
7.22089	402000	402536
7.22089	402536	403072
7.22089	403072	403608
7.22089	403608	404144
7.22089	404144	404680
7.22089	404680	405216
7.22089	405216	405752
7.22089	405752	406288
7.22089	406288	406824
7.22089	406824	407360
7.22089	407360	407896
7.22089	407896	408432
7.22089	408432	408968
7.22089	408968	409504
7.22089	409504	410040
7.22114	410040	410576
7.22114	410576	411112
7.22114	411112	411648
7.22114	411648	412184
7.22114	412184	412720
7.22114	412720	413256
7.22114	413256	413792
7.22114	413792	414328
7.22114	414328	414864
7.22114	414864	415400
7.22114	415400	415936
7.22114	415936	416472
7.22114	416472	417008
7.22114	417008	417544
7.22114	417544	418080
7.22114	418080	418616
7.22114	418616	419152
7.22114	419152	419688
7.22114	419688	420224
7.22114	420224	420760
7.22114	420760	421296
7.22114	421296	421832
7.22114	421832	422368
7.22114	422368	422904
7.22114	422904	423440
7.22114	423440	423976
7.22114	423976	424512
7.22139	424512	425048
7.22139	425048	425584
7.22139	425584	426120
7.22139	426120	426656
7.22139	426656	427192
7.22139	427192	427728
7.22139	427728	428264
7.22139	428264	428800
7.22139	428800	429336
7.22139	429336	429872
7.22139	429872	430408
7.22139	430408	430944
7.22139	430944	431480
7.22139	431480	432016
7.22139	432016	432552
7.22139	432552	433088
7.22139	433088	433624
7.22139	433624	434160
7.22139	434160	434696
7.22139	434696	435232
7.22139	435232	435768
7.22139	435768	436304
7.22139	436304	436840
7.22139	436840	437376
7.22139	437376	437912
7.22139	437912	438448
7.22139	438448	438984
7.22139	438984	439520
7.22164	439520	440056
7.22164	440056	440592
7.22164	440592	441128
7.22164	441128	441664
7.22164	441664	442200
7.22164	442200	442736
7.22164	442736	443272
7.22164	443272	443808
7.22164	443808	444344
7.22164	444344	444880
7.22164	444880	445416
7.24859	445416	445952
8.41072	445952	356440
8.41072	356440	356976
8.41072	356976	357512
8.41072	357512	358048
8.41072	358048	358584
8.41072	358584	359120
8.41072	359120	359656
8.41072	359656	360192
8.41072	360192	360728
8.41072	360728	361264
8.41072	361264	361800
8.41072	361800	362336
8.41072	362336	362872
8.41072	362872	363408
8.41072	363408	363944
8.41072	363944	364480
8.41072	364480	365016
8.44092	365016	291584
8.44092	291584	292120
8.44092	292120	292656
8.44092	292656	293192
8.44092	293192	293728
8.44092	293728	294264
8.44092	294264	294800
8.44092	294800	295336
8.44092	295336	295872
8.44092	295872	296408
8.44092	296408	296944
8.44092	296944	297480
8.44092	297480	298016
8.44092	298016	298552
8.44092	298552	299088
8.44092	299088	299624
8.44092	299624	300160
8.44092	300160	300696
8.44092	300696	301232
8.44092	301232	301768
8.44092	301768	302304
8.44092	302304	302840
8.44092	302840	303376
8.44092	303376	303912
8.44092	303912	304448
8.44092	304448	304984
8.44092	304984	305520
8.44092	305520	306056
8.44167	306056	306592
8.44167	306592	307128
8.44167	307128	307664
8.44167	307664	308200
8.44167	308200	308736
8.44167	308736	309272
8.44167	309272	309808
8.44167	309808	310344
8.44267	310344	310880
8.44267	310880	311416
8.44267	311416	311952
8.44267	311952	312488
8.44267	312488	313024
8.44267	313024	313560
8.44267	313560	314096
8.44367	314096	314632
8.44367	314632	315168
8.44367	315168	315704
8.44367	315704	316240
8.44367	316240	316776
8.44367	316776	317312
8.44367	317312	317848
8.44467	317848	318384
8.44467	318384	318920
8.44467	318920	319456
8.44467	319456	319992
8.44467	319992	320528
8.44467	320528	321064
8.46863	321064	321600
8.46863	321600	322136
8.46863	322136	322672
8.46863	322672	323208
8.46863	323208	323744
8.46863	323744	324280
8.46863	324280	324816
8.46863	324816	325352
8.46863	325352	325888
8.46863	325888	326424
8.46863	326424	261032
8.46863	261032	261568
8.46863	261568	262104
8.46863	262104	262640
8.46863	262640	263176
8.46863	263176	263712
8.46863	263712	264248
8.46863	264248	264784
8.46863	264784	265320
8.46863	265320	265856
8.46863	265856	266392
8.46863	266392	266928
8.46863	266928	267464
8.46863	267464	268000
8.46863	268000	268536
8.46863	268536	269072
8.46963	269072	269608
8.46963	269608	270144
8.46963	270144	270680
8.46963	270680	271216
8.46963	271216	271752
8.46963	271752	272288
8.46963	272288	272824
8.47062	272824	273360
8.47062	273360	273896
8.47062	273896	274432
8.47062	274432	274968
8.47062	274968	275504
8.47062	275504	276040
8.47062	276040	276576
8.47062	276576	277112
8.47162	277112	277648
8.47162	277648	278184
8.47162	278184	278720
8.47162	278720	279256
8.47162	279256	279792
8.47162	279792	280328
8.47162	280328	280864
8.47262	280864	281400
8.47262	281400	281936
8.47262	281936	282472
8.47262	282472	283008
8.47262	283008	283544
8.47262	283544	284080
8.47262	284080	284616
8.47362	284616	285152
8.47362	285152	285688
8.47362	285688	286224
8.47362	286224	286760
8.47362	286760	287296
8.47362	287296	287832
8.47362	287832	288368
8.47362	288368	288904
8.47462	288904	289440
8.47462	289440	289976
8.47462	289976	290512
8.47462	290512	291048
8.47462	291048	291584
8.47462	291584	292120
8.47462	292120	292656
8.47761	292656	293192
8.47761	293192	293728
8.47761	293728	294264
8.47761	294264	294800
8.47761	294800	295336
8.47761	295336	295872
8.47761	295872	296408
8.47761	296408	296944
8.47761	296944	297480
8.47761	297480	298016
8.47761	298016	298552
8.47761	298552	299088
8.47761	299088	299624
8.47761	299624	300160
8.47761	300160	300696
8.47761	300696	301232
8.47761	301232	301768
8.47761	301768	302304
8.47761	302304	302840
8.47761	302840	303376
8.47761	303376	303912
8.47761	303912	304448
8.47861	304448	304984
8.47861	304984	305520
8.47861	305520	306056
8.47861	306056	306592
8.47861	306592	307128
8.47861	307128	307664
8.47861	307664	308200
8.47961	308200	308736
8.47961	308736	309272
8.47961	309272	309808
8.47961	309808	310344
8.47961	310344	310880
8.47961	310880	311416
8.47961	311416	311952
8.48061	311952	312488
8.48061	312488	313024
8.48061	313024	313560
8.48061	313560	314096
8.48061	314096	314632
8.48061	314632	315168
8.48061	315168	315704
8.48061	315704	316240
8.48161	316240	316776
8.48161	316776	317312
8.48161	317312	317848
8.48161	317848	318384
8.48161	318384	318920
8.48161	318920	319456
8.48161	319456	319992
8.4826	319992	320528
8.4826	320528	321064
8.4826	321064	321600
8.4826	321600	322136
8.4826	322136	322672
8.4826	322672	323208
8.4826	323208	323744
8.4836	323744	324280
8.4836	324280	324816
8.4836	324816	325352
8.4836	325352	325888
8.4836	325888	326424
8.4836	326424	326960
8.4836	326960	327496
8.4836	327496	328032
8.4866	328032	328568
8.4866	328568	329104
8.4866	329104	329640
8.4866	329640	330176
8.4866	330176	330712
8.4866	330712	331248
8.4866	331248	331784
8.4866	331784	332320
8.4866	332320	332856
8.4866	332856	333392
8.4866	333392	333928
8.4866	333928	334464
8.4866	334464	335000
8.4866	335000	335536
8.4866	335536	336072
8.4866	336072	336608
8.4866	336608	337144
8.4866	337144	337680
8.4866	337680	338216
8.4866	338216	338752
8.4866	338752	339288
8.4866	339288	339824
8.4876	339824	340360
8.4876	340360	340896
8.4876	340896	341432
8.4876	341432	341968
8.4876	341968	342504
8.4876	342504	343040
8.4876	343040	343576
8.48859	343576	344112
8.48859	344112	344648
8.48859	344648	345184
8.48859	345184	345720
8.48859	345720	346256
8.48859	346256	346792
8.48859	346792	347328
8.48959	347328	347864
8.48959	347864	348400
8.48959	348400	348936
8.48959	348936	349472
8.48959	349472	350008
8.48959	350008	350544
9.52592	350544	351080
9.58383	351080	280328
9.58383	280328	280864
9.58383	280864	281400
9.58383	281400	281936
9.58383	281936	282472
9.58383	282472	283008
9.58383	283008	283544
9.58383	283544	284080
9.58383	284080	284616
9.58383	284616	285152
9.58383	285152	285688
9.58383	285688	286224
9.58383	286224	286760
9.58383	286760	287296
9.61278	287296	287832
9.63874	287832	288368
9.6647	288368	288904
9.68766	288904	289440
9.91945	289440	289976
9.91945	289976	231552
9.91945	231552	232088
9.91945	232088	232624
9.91945	232624	233160
9.91945	233160	233696
9.91945	233696	234232
9.91945	234232	234768
9.91945	234768	235304
9.91945	235304	235840
9.91945	235840	236376
9.91945	236376	236912
9.91945	236912	237448
9.91945	237448	237984
9.91945	237984	238520
9.91945	238520	239056
9.91945	239056	239592
9.91945	239592	240128
9.91945	240128	240664
9.91945	240664	241200
9.91945	241200	241736
9.91945	241736	242272
9.91945	242272	242808
9.91945	242808	243344
9.91945	243344	243880
9.91945	243880	244416
9.91945	244416	244952
9.91945	244952	245488
9.91945	245488	246024
9.91945	246024	246560
9.91945	246560	247096
9.91945	247096	247632
9.91945	247632	248168
9.91945	248168	248704
9.91945	248704	249240
9.91945	249240	249776
9.91945	249776	250312
9.91945	250312	250848
9.91945	250848	251384
9.91945	251384	251920
9.91945	251920	252456
9.91945	252456	252992
9.91945	252992	253528
9.91945	253528	254064
9.91945	254064	254600
9.91945	254600	255136
9.91945	255136	255672
9.91945	255672	256208
9.91945	256208	256744
9.91945	256744	257280
9.91945	257280	257816
9.91946	257816	258352
9.91946	258352	258888
9.91946	258888	259424
9.91946	259424	259960
9.91946	259960	260496
9.91946	260496	261032
9.91946	261032	261568
9.91946	261568	262104
9.91946	262104	262640
9.91946	262640	263176
9.91946	263176	263712
9.91946	263712	264248
9.91946	264248	264784
9.91946	264784	265320
9.91946	265320	265856
9.91946	265856	266392
9.91946	266392	266928
9.91946	266928	267464
9.91946	267464	268000
9.91946	268000	268536
9.91946	268536	269072
9.91946	269072	269608
9.91946	269608	270144
9.91946	270144	270680
9.91946	270680	271216
9.91946	271216	271752
9.91946	271752	272288
9.91946	272288	272824
9.91946	272824	273360
9.91946	273360	273896
9.91946	273896	274432
9.91946	274432	274968
9.91946	274968	275504
9.91946	275504	276040
9.91946	276040	276576
9.91946	276576	277112
9.91946	277112	277648
9.91946	277648	278184
9.91946	278184	278720
9.91946	278720	279256
9.91946	279256	279792
9.91946	279792	280328
9.91946	280328	280864
9.91946	280864	281400
9.91946	281400	281936
9.91946	281936	282472
9.91946	282472	283008
9.91946	283008	283544
9.91946	283544	284080
9.91946	284080	284616
9.91946	284616	285152
9.91946	285152	285688
9.91946	285688	286224
9.91946	286224	286760
9.91946	286760	287296
9.91946	287296	287832
9.91946	287832	288368
9.91946	288368	288904
9.91946	288904	289440
9.91946	289440	289976
9.91946	289976	290512
9.91946	290512	291048
9.91946	291048	291584
9.91946	291584	292120
9.91946	292120	292656
9.91946	292656	293192
9.91946	293192	293728
9.91946	293728	294264
9.91946	294264	294800
9.91946	294800	295336
9.91946	295336	295872
9.91946	295872	296408
9.91946	296408	296944
9.91946	296944	297480
9.91946	297480	298016
9.91946	298016	298552
9.91946	298552	299088
9.91946	299088	299624
9.91946	299624	300160
9.91946	300160	300696
9.91946	300696	301232
9.91946	301232	301768
9.91946	301768	302304
9.91946	302304	302840
9.91946	302840	303376
9.91946	303376	303912
9.91946	303912	304448
9.91946	304448	304984
9.91946	304984	305520
9.91946	305520	306056
9.91946	306056	306592
9.91946	306592	307128
9.91946	307128	307664
9.91946	307664	308200
9.91946	308200	308736
9.91946	308736	309272
9.91946	309272	309808
9.91946	309808	310344
9.91946	310344	310880
9.91946	310880	311416
9.91946	311416	311952
9.91946	311952	312488
9.91946	312488	313024
9.91946	313024	313560
9.91946	313560	314096
9.91946	314096	314632
9.91946	314632	315168
9.91946	315168	315704
9.91946	315704	316240
9.91946	316240	316776
9.91946	316776	317312
9.91946	317312	317848
9.91946	317848	318384
9.91946	318384	318920
9.91946	318920	319456
9.91946	319456	319992
9.91946	319992	320528
9.91946	320528	321064
9.91946	321064	321600
9.91946	321600	322136
9.91946	322136	322672
9.91946	322672	323208
9.91946	323208	323744
9.91946	323744	324280
9.91946	324280	324816
9.91946	324816	325352
9.91946	325352	325888
9.91946	325888	326424
9.91946	326424	326960
9.91946	326960	327496
9.91946	327496	328032
9.91946	328032	328568
9.91946	328568	329104
9.91947	329104	329640
9.91947	329640	330176
9.91947	330176	330712
9.91947	330712	331248
9.91947	331248	331784
9.91947	331784	332320
9.91947	332320	332856
9.91947	332856	333392
9.91947	333392	333928
9.91947	333928	334464
9.91947	334464	335000
9.91947	335000	335536
9.91947	335536	336072
9.91947	336072	336608
9.91947	336608	337144
9.91947	337144	337680
9.91947	337680	338216
9.91947	338216	338752
9.91947	338752	339288
9.91947	339288	339824
9.91947	339824	340360
9.91947	340360	340896
9.91947	340896	341432
9.91947	341432	341968
9.91947	341968	342504
9.94824	342504	343040
9.94824	343040	273896
9.94824	273896	274432
9.94824	274432	274968
9.94824	274968	275504
9.94824	275504	276040
9.94824	276040	276576
9.94824	276576	277112
9.94824	277112	277648
9.94824	277648	278184
9.94824	278184	278720
9.94824	278720	279256
9.94824	279256	279792
9.94824	279792	280328
9.94824	280328	280864
9.94824	280864	281400
9.94825	281400	281936
9.94825	281936	282472
9.94825	282472	283008
9.94825	283008	283544
11.0634	283544	226728
11.0634	226728	227264
11.0634	227264	227800
11.0634	227800	228336
11.0634	228336	228872
11.0634	228872	229408
11.0634	229408	229944
11.0634	229944	230480
11.0634	230480	231016
11.0634	231016	231552
11.0634	231552	232088
11.0634	232088	232624
11.0634	232624	233160
11.0634	233160	233696
11.0634	233696	234232
11.0634	234232	234768
11.0634	234768	235304
11.0854	235304	235840
11.2174	235840	236376
11.2174	236376	236912
11.2174	236912	237448
11.2551	237448	237984
11.2701	237984	238520
11.2851	238520	239056
11.3011	239056	239592
11.321	239592	240128
11.341	240128	240664
11.363	240664	241200
11.3829	241200	241736
11.4039	241736	242272
11.4259	242272	242808
11.4478	242808	243344
11.4738	243344	243880
11.4997	243880	244416
11.5257	244416	244952
11.5527	244952	245488
11.5786	245488	246024
11.6056	246024	246560
11.7194	246560	196712
11.7194	196712	197248
11.7194	197248	197784
11.7194	197784	198320
11.7194	198320	198856
11.7194	198856	199392
11.7194	199392	199928
11.7194	199928	200464
11.7194	200464	201000
11.7194	201000	201536
11.7194	201536	202072
11.7194	202072	202608
11.7194	202608	203144
11.7194	203144	203680
11.7194	203680	204216
11.7194	204216	204752
11.7194	204752	205288
11.7194	205288	205824
11.7194	205824	206360
11.7194	206360	206896
11.7194	206896	207432
11.7194	207432	207968
11.7194	207968	208504
11.7194	208504	209040
11.7194	209040	209576
11.7194	209576	210112
11.7194	210112	210648
11.7194	210648	211184
11.7194	211184	211720
11.7194	211720	212256
11.7194	212256	212792
11.7194	212792	213328
11.7194	213328	213864
11.7194	213864	214400
11.7194	214400	214936
11.7194	214936	215472
11.7194	215472	216008
11.7194	216008	216544
11.7194	216544	217080
11.7194	217080	217616
11.7196	217616	218152
11.7196	218152	218688
11.7196	218688	219224
11.7196	219224	219760
11.7196	219760	220296
11.7196	220296	220832
11.7196	220832	221368
11.7196	221368	221904
11.7196	221904	222440
11.7196	222440	222976
11.7196	222976	223512
11.7196	223512	224048
11.7196	224048	224584
11.7196	224584	225120
11.7196	225120	225656
11.7196	225656	226192
11.7196	226192	226728
11.7196	226728	227264
11.7196	227264	227800
11.7196	227800	228336
11.7196	228336	228872
11.7196	228872	229408
11.7196	229408	229944
11.7196	229944	230480
11.7196	230480	231016
11.7196	231016	231552
11.7196	231552	232088
11.7196	232088	232624
11.7196	232624	233160
11.7196	233160	233696
11.7196	233696	234232
11.7196	234232	234768
11.7196	234768	235304
11.7196	235304	235840
11.7196	235840	236376
11.7196	236376	236912
11.7196	236912	237448
11.7196	237448	237984
11.7196	237984	238520
11.7196	238520	239056
11.7196	239056	239592
11.7196	239592	240128
11.7196	240128	240664
11.7199	240664	241200
11.7199	241200	241736
11.7199	241736	242272
11.7199	242272	242808
11.7199	242808	243344
11.7199	243344	243880
11.7199	243880	244416
11.7199	244416	244952
11.7199	244952	245488
11.7199	245488	246024
11.7199	246024	246560
11.7199	246560	247096
11.7199	247096	247632
11.7199	247632	248168
11.7199	248168	248704
11.7199	248704	249240
11.7199	249240	249776
11.7199	249776	250312
11.7199	250312	250848
11.7199	250848	251384
11.7199	251384	251920
11.7199	251920	252456
11.7199	252456	252992
11.7199	252992	253528
11.7199	253528	254064
11.7199	254064	254600
11.7199	254600	255136
11.7199	255136	255672
11.7199	255672	256208
11.7199	256208	256744
11.7199	256744	257280
11.7199	257280	257816
11.7199	257816	258352
11.7199	258352	258888
11.7199	258888	259424
11.7199	259424	259960
11.7199	259960	260496
11.7199	260496	261032
11.7199	261032	261568
11.7199	261568	262104
11.7199	262104	262640
11.7199	262640	263176
11.7201	263176	263712
11.7201	263712	264248
11.7201	264248	264784
11.7201	264784	265320
11.7201	265320	265856
11.7201	265856	266392
11.7201	266392	266928
11.7201	266928	267464
11.7201	267464	268000
11.7201	268000	268536
11.7201	268536	269072
11.7201	269072	269608
11.7201	269608	270144
11.7201	270144	270680
11.7201	270680	271216
11.7201	271216	271752
11.7201	271752	272288
11.7201	272288	272824
11.7201	272824	273360
11.7201	273360	273896
11.7201	273896	274432
11.7201	274432	274968
11.7201	274968	275504
11.7201	275504	276040
11.7201	276040	276576
11.7201	276576	277112
11.7201	277112	277648
11.7201	277648	278184
11.7201	278184	278720
11.7201	278720	279256
11.7201	279256	279792
11.7201	279792	280328
11.7201	280328	280864
11.7201	280864	281400
11.7201	281400	281936
11.7201	281936	282472
11.7201	282472	283008
11.7201	283008	283544
11.7201	283544	284080
11.7201	284080	284616
11.7201	284616	285152
11.7201	285152	285688
11.7201	285688	286224
11.7204	286224	286760
11.7204	286760	287296
11.7204	287296	287832
11.7204	287832	288368
11.7204	288368	288904
11.7204	288904	289440
11.7204	289440	289976
11.7204	289976	290512
11.7204	290512	291048
11.7204	291048	291584
11.7204	291584	292120
11.7204	292120	292656
11.7204	292656	293192
11.7204	293192	293728
11.7204	293728	294264
11.7204	294264	294800
11.7204	294800	295336
11.7204	295336	295872
11.7204	295872	296408
11.7204	296408	296944
11.7204	296944	297480
11.7204	297480	298016
11.7204	298016	298552
11.7204	298552	299088
11.7204	299088	299624
11.7204	299624	300160
11.7204	300160	300696
11.7204	300696	301232
11.7206	301232	301768
11.7206	301768	302304
11.7206	302304	302840
11.7206	302840	303376
11.7206	303376	303912
11.7206	303912	304448
11.7206	304448	304984
11.7206	304984	305520
11.7206	305520	306056
11.7206	306056	306592
11.7206	306592	307128
11.7206	307128	307664
11.7206	307664	308200
11.7206	308200	308736
11.7206	308736	309272
11.7206	309272	309808
11.7206	309808	310344
11.7206	310344	310880
11.7206	310880	311416
11.7206	311416	311952
11.7206	311952	312488
11.7206	312488	313024
11.7206	313024	313560
11.7206	313560	314096
11.7206	314096	314632
11.7206	314632	315168
11.7206	315168	315704
11.7209	315704	316240
11.7209	316240	316776
11.7209	316776	317312
11.7209	317312	317848
11.7209	317848	318384
11.7209	318384	318920
11.7209	318920	319456
11.7209	319456	319992
12.7767	319992	320528
12.9105	320528	256208
12.9105	256208	256744
12.9105	256744	257280
12.9105	257280	257816
12.9105	257816	258352
12.9105	258352	258888
12.9105	258888	259424
12.9105	259424	259960
12.9105	259960	260496
12.9105	260496	261032
12.9105	261032	261568
12.9105	261568	262104
12.9105	262104	262640
12.9105	262640	263176
12.9105	263176	263712
12.9105	263712	264248
12.9105	264248	264784
13.0183	264784	265320
13.0188	265320	265856
13.019	265856	212256
13.019	212256	212792
13.019	212792	213328
13.019	213328	213864
13.019	213864	214400
13.019	214400	214936
13.019	214936	215472
13.019	215472	216008
13.019	216008	216544
13.019	216544	217080
13.019	217080	217616
13.019	217616	218152
13.019	218152	218688
13.019	218688	219224
13.019	219224	219760
13.019	219760	220296
13.019	220296	220832
13.019	220832	221368
13.019	221368	221904
13.019	221904	222440
13.019	222440	222976
13.0193	222976	223512
13.0193	223512	224048
13.0193	224048	224584
13.0193	224584	225120
13.0193	225120	225656
13.0193	225656	226192
13.0193	226192	226728
13.0193	226728	227264
13.0193	227264	227800
13.0193	227800	228336
13.0193	228336	228872
13.0193	228872	229408
13.0193	229408	229944
13.0193	229944	230480
13.0193	230480	231016
13.0193	231016	231552
13.0193	231552	232088
13.0193	232088	232624
13.0193	232624	233160
13.0193	233160	233696
13.0193	233696	234232
13.0193	234232	234768
13.0193	234768	235304
13.0193	235304	235840
13.0193	235840	236376
13.0193	236376	236912
13.0193	236912	237448
13.0193	237448	237984
13.0195	237984	238520
13.0195	238520	239056
13.0195	239056	239592
13.0195	239592	240128
13.0195	240128	240664
13.0195	240664	241200
13.0195	241200	241736
13.0473	241736	242272
13.0473	242272	242808
13.0473	242808	243344
13.0473	243344	243880
13.0473	243880	244416
13.0473	244416	244952
13.0473	244952	195640
13.0473	195640	196176
13.0473	196176	196712
13.0473	196712	197248
13.0473	197248	197784
13.0473	197784	198320
13.0473	198320	198856
13.0473	198856	199392
13.0473	199392	199928
13.0473	199928	200464
13.0473	200464	201000
13.0473	201000	201536
13.0473	201536	202072
13.0473	202072	202608
13.0473	202608	203144
13.0473	203144	203680
13.0473	203680	204216
13.0473	204216	204752
13.0473	204752	205288
13.0473	205288	205824
13.0483	205824	206360
13.0483	206360	206896
13.0483	206896	207432
13.0483	207432	207968
13.0483	207968	208504
13.0483	208504	209040
13.0483	209040	209576
13.0492	209576	210112
13.0492	210112	210648
13.0492	210648	211184
13.0492	211184	211720
13.0492	211720	212256
13.0492	212256	212792
13.0492	212792	213328
13.0492	213328	213864
13.0502	213864	214400
13.0502	214400	214936
13.0502	214936	215472
13.0502	215472	216008
13.0502	216008	216544
13.0502	216544	217080
13.0502	217080	217616
13.0512	217616	218152
13.0512	218152	218688
13.0512	218688	219224
13.0512	219224	219760
13.0512	219760	220296
13.0512	220296	220832
13.0512	220832	221368
13.0522	221368	221904
13.0522	221904	222440
13.0522	222440	222976
13.0522	222976	223512
13.0522	223512	224048
13.0522	224048	224584
13.0522	224584	225120
13.0532	225120	225656
13.0532	225656	226192
13.0532	226192	226728
13.0532	226728	227264
13.0532	227264	227800
13.0532	227800	228336
13.0532	228336	228872
13.0532	228872	229408
13.0562	229408	229944
13.0562	229944	230480
13.0562	230480	231016
13.0562	231016	231552
13.0562	231552	232088
13.0562	232088	232624
13.0562	232624	233160
13.0562	233160	233696
13.0562	233696	234232
13.0562	234232	234768
13.0562	234768	235304
13.0562	235304	235840
13.0562	235840	236376
13.0562	236376	236912
13.0562	236912	237448
13.0562	237448	237984
13.0562	237984	238520
13.0562	238520	239056
13.0562	239056	239592
13.0562	239592	240128
13.0562	240128	240664
13.0562	240664	241200
13.0572	241200	241736
13.0572	241736	242272
13.0572	242272	242808
13.0572	242808	243344
13.0572	243344	243880
13.0572	243880	244416
13.0572	244416	244952
13.0582	244952	245488
13.0582	245488	246024
13.0582	246024	246560
13.0582	246560	247096
13.0582	247096	247632
13.0582	247632	248168
13.0582	248168	248704
13.0592	248704	249240
13.0592	249240	249776
13.0592	249776	250312
13.0592	250312	250848
13.0592	250848	251384
13.0592	251384	251920
13.0592	251920	252456
13.0592	252456	252992
13.0602	252992	253528
13.0602	253528	254064
13.0602	254064	254600
13.0602	254600	255136
13.0602	255136	255672
13.0602	255672	256208
13.0602	256208	256744
13.0612	256744	257280
13.0612	257280	257816
13.0612	257816	258352
13.0612	258352	258888
13.0612	258888	259424
13.0612	259424	259960
13.0612	259960	260496
13.0622	260496	261032
13.0622	261032	261568
13.0622	261568	262104
13.0622	262104	262640
13.0622	262640	263176
13.0622	263176	263712
13.0622	263712	264248
13.0622	264248	264784
13.0652	264784	265320
13.0652	265320	265856
13.0652	265856	266392
13.0652	266392	266928
13.0652	266928	267464
13.0652	267464	268000
13.0652	268000	268536
13.0652	268536	269072
13.0652	269072	269608
13.0652	269608	270144
13.0652	270144	270680
13.0652	270680	271216
13.0652	271216	271752
13.0652	271752	272288
13.0652	272288	272824
13.0652	272824	273360
13.0652	273360	273896
13.0652	273896	274432
13.0652	274432	274968
13.0652	274968	275504
13.0652	275504	276040
13.0652	276040	276576
13.0662	276576	277112
13.0662	277112	277648
13.0662	277648	278184
13.0662	278184	278720
13.0662	278720	279256
13.0662	279256	279792
13.0662	279792	280328
13.0672	280328	280864
13.0672	280864	281400
13.0672	281400	281936
13.0672	281936	282472
13.0672	282472	283008
13.0672	283008	283544
13.0672	283544	284080
13.0682	284080	284616
13.0682	284616	285152
13.0682	285152	285688
13.0682	285688	286224
13.0682	286224	286760
13.0682	286760	287296
15.2327	287296	287832
15.2906	287832	229944
15.2906	229944	230480
15.2906	230480	231016
15.2906	231016	231552
15.2906	231552	232088
15.2906	232088	232624
15.2906	232624	233160
15.2906	233160	233696
15.2906	233696	234232
15.2906	234232	234768
15.2906	234768	235304
15.2906	235304	235840
15.2906	235840	236376
15.2906	236376	236912
15.3136	236912	237448
15.3446	237448	237984
15.3745	237984	238520
15.3985	238520	239056
15.4194	239056	239592
15.4434	239592	240128
15.4654	240128	240664
15.4893	240664	241200
15.5123	241200	241736
15.5362	241736	242272
15.5602	242272	242808
15.5832	242808	243344
15.6071	243344	243880
15.6321	243880	244416
15.6561	244416	244952
15.68	244952	245488
15.706	245488	246024
15.7319	246024	246560
15.7579	246560	247096
15.7848	247096	247632
15.8078	247632	248168
15.8338	248168	248704
15.8607	248704	249240
15.8867	249240	249776
15.9126	249776	250312
15.9406	250312	250848
15.9675	250848	251384
15.9955	251384	251920
16.0225	251920	252456
16.0504	252456	252992
16.0814	252992	253528
16.1083	253528	254064
16.1363	254064	254600
16.1652	254600	255136
16.1982	255136	255672
16.2261	255672	256208
16.2561	256208	256744
16.288	256744	257280
16.319	257280	257816
16.3509	257816	258352
16.3819	258352	258888
16.4138	258888	259424
16.4448	259424	259960
16.4787	259960	260496
16.5127	260496	261032
16.5456	261032	261568
16.5796	261568	262104
16.6135	262104	262640
16.6475	262640	263176
16.6834	263176	263712
16.7153	263712	264248
16.7493	264248	264784
16.7842	264784	265320
16.8182	265320	265856
16.8541	265856	266392
16.8871	266392	266928
16.921	266928	267464
16.957	267464	268000
16.9979	268000	268536
17.0398	268536	269072
17.0828	269072	269608
17.1257	269608	270144
17.1706	270144	270680
17.2155	270680	271216
17.2625	271216	271752
17.3094	271752	272288
17.3583	272288	272824
17.4082	272824	273360
17.4581	273360	273896
17.5101	273896	274432
17.565	274432	274968
17.6199	274968	275504
17.6768	275504	276040
17.7347	276040	276576
17.7946	276576	277112
17.8575	277112	277648
17.9234	277648	278184
17.9893	278184	278720
18.0592	278720	279256
18.1301	279256	279792
18.202	279792	280328
18.2738	280328	280864
18.3457	280864	281400
18.4176	281400	281936
18.4905	281936	282472
18.5624	282472	283008
18.6562	283008	283544
18.764	283544	284080
18.8849	284080	284616
19.0126	284616	285152
19.1584	285152	285688
19.3251	285688	286224
19.5228	286224	286760
19.7684	286760	287296
