ns3::UniformPlanarArray
AntennaElement,ns3::IsotropicAntennaModel
AntennaVerticalSpacing,0.500
AntennaHorizontalSpacing,0.500
NumRows,1
NumColumns,4
5
4
(0.500000,0.000000);(0.500000,0.000000);(0.500000,0.000000);(0.500000,0.000000)
(-0.246578,0.434970);(0.383866,0.320386);(0.383866,-0.320386);(-0.246578,-0.434970)
(-0.201695,-0.457514);(0.068982,0.495219);(0.068982,-0.495219);(-0.201695,0.457514)
(-0.246578,-0.434970);(0.383866,-0.320386);(0.383866,0.320386);(-0.246578,0.434970)
(-0.201695,0.457514);(0.068982,-0.495219);(0.068982,0.495219);(-0.201695,-0.457514)
