ns3::UniformPlanarArray
AntennaElement,ns3::IsotropicAntennaModel
AntennaVerticalSpacing,0.500
AntennaHorizontalSpacing,0.500
NumRows,1
NumColumns,8
9
8
(0.353553,0.000000);(0.353553,0.000000);(0.353553,0.000000);(0.353553,0.000000);(0.353553,0.000000);(0.353553,0.000000);(0.353553,0.000000);(0.353553,0.000000)
(-0.268380,0.230157);(-0.058720,0.348643);(0.178185,0.305369);(0.332417,0.120412);(0.332417,-0.120412);(0.178185,-0.305369);(-0.058720,-0.348643);(-0.268380,-0.230157)
(0.042033,-0.351046);(-0.336752,-0.107693);(-0.169463,0.310294);(0.272627,0.225111);(0.272627,-0.225111);(-0.169463,-0.310294);(-0.336752,0.107693);(0.042033,0.351046)
(0.220664,0.276238);(0.142922,-0.323378);(-0.352819,0.022777);(0.183315,0.302317);(0.183315,-0.302317);(-0.352819,-0.022777);(0.142922,0.323378);(0.220664,-0.276238)
(-0.345788,-0.073691);(0.292044,0.199274);(-0.194705,-0.295110);(0.068300,0.346894);(0.068300,-0.346894);(-0.194705,0.295110);(0.292044,-0.199274);(-0.345788,0.073691)
(-0.268380,-0.230157);(-0.058720,-0.348643);(0.178185,-0.305369);(0.332417,-0.120412);(0.332417,0.120412);(0.178185,0.305369);(-0.058720,0.348643);(-0.268380,0.230157)
(0.042033,0.351046);(-0.336752,0.107693);(-0.169463,-0.310294);(0.272627,-0.225111);(0.272627,0.225111);(-0.169463,0.310294);(-0.336752,-0.107693);(0.042033,-0.351046)
(0.220664,-0.276238);(0.142922,0.323378);(-0.352819,-0.022777);(0.183315,-0.302317);(0.183315,0.302317);(-0.352819,0.022777);(0.142922,-0.323378);(0.220664,0.276238)
(-0.345788,0.073691);(0.292044,-0.199274);(-0.194705,0.295110);(0.068300,-0.346894);(0.068300,0.346894);(-0.194705,-0.295110);(0.292044,0.199274);(-0.345788,-0.073691)
