ns3::UniformPlanarArray
AntennaElement,ns3::IsotropicAntennaModel
AntennaVerticalSpacing,0.500
AntennaHorizontalSpacing,0.500
NumRows,4
NumColumns,1
5
4
(0.500000,0.000000);(0.500000,0.000000);(0.500000,0.000000);(0.500000,0.000000)
(-0.246578,-0.434970);(0.383866,-0.320386);(0.383866,0.320386);(-0.246578,0.434970)
(-0.201695,0.457514);(0.068982,-0.495219);(0.068982,0.495219);(-0.201695,-0.457514)
(-0.246580,0.434969);(0.383865,0.320387);(0.383865,-0.320387);(-0.246580,-0.434969)
(-0.201694,-0.457515);(0.068982,0.495219);(0.068982,-0.495219);(-0.201694,0.457515)
