ns3::UniformPlanarArray
AntennaElement,ns3::IsotropicAntennaModel
AntennaVerticalSpacing,0.500
AntennaHorizontalSpacing,0.500
NumRows,4
NumColumns,4
21
16
(0.250000,0.000000);(0.250000,0.000000);(0.250000,0.000000);(0.250000,0.000000);(0.250000,0.000000);(0.250000,0.000000);(0.250000,0.000000);(0.250000,0.000000);(0.250000,0.000000);(0.250000,0.000000);(0.250000,0.000000);(0.250000,0.000000);(0.250000,0.000000);(0.250000,0.000000);(0.250000,0.000000);(0.250000,0.000000)
(-0.123289,0.217485);(0.191933,0.160193);(0.191933,-0.160193);(-0.123289,-0.217485);(-0.123289,0.217485);(0.191933,0.160193);(0.191933,-0.160193);(-0.123289,-0.217485);(-0.123289,0.217485);(0.191933,0.160193);(0.191933,-0.160193);(-0.123289,-0.217485);(-0.123289,0.217485);(0.191933,0.160193);(0.191933,-0.160193);(-0.123289,-0.217485)
(-0.100848,-0.228757);(0.034491,0.247609);(0.034491,-0.247609);(-0.100848,0.228757);(-0.100848,-0.228757);(0.034491,0.247609);(0.034491,-0.247609);(-0.100848,0.228757);(-0.100848,-0.228757);(0.034491,0.247609);(0.034491,-0.247609);(-0.100848,0.228757);(-0.100848,-0.228757);(0.034491,0.247609);(0.034491,-0.247609);(-0.100848,0.228757)
(-0.123289,-0.217485);(0.191933,-0.160193);(0.191933,0.160193);(-0.123289,0.217485);(-0.123289,-0.217485);(0.191933,-0.160193);(0.191933,0.160193);(-0.123289,0.217485);(-0.123289,-0.217485);(0.191933,-0.160193);(0.191933,0.160193);(-0.123289,0.217485);(-0.123289,-0.217485);(0.191933,-0.160193);(0.191933,0.160193);(-0.123289,0.217485)
(-0.100848,0.228757);(0.034491,-0.247609);(0.034491,0.247609);(-0.100848,-0.228757);(-0.100848,0.228757);(0.034491,-0.247609);(0.034491,0.247609);(-0.100848,-0.228757);(-0.100848,0.228757);(0.034491,-0.247609);(0.034491,0.247609);(-0.100848,-0.228757);(-0.100848,0.228757);(0.034491,-0.247609);(0.034491,0.247609);(-0.100848,-0.228757)
(-0.123289,0.217485);(-0.123289,0.217485);(-0.123289,0.217485);(-0.123289,0.217485);(0.191933,0.160193);(0.191933,0.160193);(0.191933,0.160193);(0.191933,0.160193);(0.191933,-0.160193);(0.191933,-0.160193);(0.191933,-0.160193);(0.191933,-0.160193);(-0.123289,-0.217485);(-0.123289,-0.217485);(-0.123289,-0.217485);(-0.123289,-0.217485)
(-0.131370,-0.212701);(-0.233601,0.089054);(0.043565,0.246175);(0.249976,0.003478);(-0.232765,0.091217);(0.045846,0.245760);(0.249997,0.001159);(0.048123,-0.245325);(0.048123,0.245325);(0.249997,-0.001159);(0.045846,-0.245760);(-0.232765,-0.091217);(0.249976,-0.003478);(0.043565,-0.246175);(-0.233601,-0.089054);(-0.131370,0.212701)
(0.248885,-0.023587);(-0.237906,-0.076815);(0.188097,0.164680);(-0.107588,-0.225665);(0.021300,-0.249091);(-0.118120,0.220335);(0.195661,-0.155617);(-0.241267,0.065499);(-0.241267,-0.065499);(0.195661,0.155617);(-0.118120,-0.220335);(0.021300,0.249091);(-0.107588,0.225665);(0.188097,-0.164680);(-0.237906,0.076815);(0.248885,0.023587)
(0.249976,0.003478);(0.043565,0.246175);(-0.233601,0.089054);(-0.131370,-0.212701);(0.048123,-0.245325);(0.249997,0.001159);(0.045846,0.245760);(-0.232765,0.091217);(-0.232765,-0.091217);(0.045846,-0.245760);(0.249997,-0.001159);(0.048123,0.245325);(-0.131370,0.212701);(-0.233601,-0.089054);(0.043565,-0.246175);(0.249976,-0.003478)
(-0.107588,-0.225665);(0.188097,0.164680);(-0.237906,-0.076815);(0.248885,-0.023587);(-0.241267,0.065499);(0.195661,-0.155617);(-0.118120,0.220335);(0.021300,-0.249091);(0.021300,0.249091);(-0.118120,-0.220335);(0.195661,0.155617);(-0.241267,-0.065499);(0.248885,0.023587);(-0.237906,0.076815);(0.188097,-0.164680);(-0.107588,0.225665)
(-0.100848,-0.228757);(-0.100848,-0.228757);(-0.100848,-0.228757);(-0.100848,-0.228757);(0.034491,0.247609);(0.034491,0.247609);(0.034491,0.247609);(0.034491,0.247609);(0.034491,-0.247609);(0.034491,-0.247609);(0.034491,-0.247609);(0.034491,-0.247609);(-0.100848,0.228757);(-0.100848,0.228757);(-0.100848,0.228757);(-0.100848,0.228757)
(0.249664,-0.012960);(0.056872,-0.243445);(-0.218081,-0.122232);(-0.177979,0.175566);(-0.243701,-0.055764);(-0.121239,0.218635);(0.176374,0.177178);(0.219184,-0.120243);(0.219184,0.120243);(0.176374,-0.177178);(-0.121239,-0.218635);(-0.243701,0.055764);(-0.177979,-0.175566);(-0.218081,0.122232);(0.056872,0.243445);(0.249664,0.012960)
(-0.177979,0.175566);(-0.218081,-0.122232);(0.056872,-0.243445);(0.249664,-0.012960);(0.219184,-0.120243);(0.176374,0.177178);(-0.121239,0.218635);(-0.243701,-0.055764);(-0.243701,0.055764);(-0.121239,-0.218635);(0.176374,-0.177178);(0.219184,0.120243);(0.249664,0.012960);(0.056872,0.243445);(-0.218081,0.122232);(-0.177979,-0.175566)
(-0.123290,-0.217485);(-0.123290,-0.217485);(-0.123290,-0.217485);(-0.123290,-0.217485);(0.191933,-0.160193);(0.191933,-0.160193);(0.191933,-0.160193);(0.191933,-0.160193);(0.191933,0.160193);(0.191933,0.160193);(0.191933,0.160193);(0.191933,0.160193);(-0.123290,0.217485);(-0.123290,0.217485);(-0.123290,0.217485);(-0.123290,0.217485)
(0.249976,-0.003479);(0.043563,-0.246175);(-0.233601,-0.089053);(-0.131369,0.212702);(0.048123,0.245325);(0.249997,-0.001160);(0.045845,-0.245760);(-0.232765,-0.091216);(-0.232765,0.091216);(0.045845,0.245760);(0.249997,0.001160);(0.048123,-0.245325);(-0.131369,-0.212702);(-0.233601,0.089053);(0.043563,0.246175);(0.249976,0.003479)
(-0.107586,0.225666);(0.188097,-0.164681);(-0.237906,0.076816);(0.248885,0.023586);(-0.241267,-0.065499);(0.195662,0.155617);(-0.118120,-0.220335);(0.021300,0.249091);(0.021300,-0.249091);(-0.118120,0.220335);(0.195662,-0.155617);(-0.241267,0.065499);(0.248885,-0.023586);(-0.237906,-0.076816);(0.188097,0.164681);(-0.107586,-0.225666)
(-0.131369,0.212702);(-0.233601,-0.089053);(0.043563,-0.246175);(0.249976,-0.003479);(-0.232765,-0.091216);(0.045845,-0.245760);(0.249997,-0.001160);(0.048123,0.245325);(0.048123,-0.245325);(0.249997,0.001160);(0.045845,0.245760);(-0.232765,0.091216);(0.249976,0.003479);(0.043563,0.246175);(-0.233601,0.089053);(-0.131369,-0.212702)
(0.248885,0.023586);(-0.237906,0.076816);(0.188097,-0.164681);(-0.107586,0.225666);(0.021300,0.249091);(-0.118120,-0.220335);(0.195662,0.155617);(-0.241267,-0.065499);(-0.241267,0.065499);(0.195662,-0.155617);(-0.118120,0.220335);(0.021300,-0.249091);(-0.107586,-0.225666);(0.188097,0.164681);(-0.237906,-0.076816);(0.248885,-0.023586)
(-0.100847,0.228757);(-0.100847,0.228757);(-0.100847,0.228757);(-0.100847,0.228757);(0.034491,-0.247609);(0.034491,-0.247609);(0.034491,-0.247609);(0.034491,-0.247609);(0.034491,0.247609);(0.034491,0.247609);(0.034491,0.247609);(0.034491,0.247609);(-0.100847,-0.228757);(-0.100847,-0.228757);(-0.100847,-0.228757);(-0.100847,-0.228757)
(-0.177981,-0.175564);(-0.218080,0.122233);(0.056872,0.243445);(0.249664,0.012961);(0.219185,0.120241);(0.176374,-0.177179);(-0.121238,-0.218635);(-0.243702,0.055763);(-0.243702,-0.055763);(-0.121238,0.218635);(0.176374,0.177179);(0.219185,-0.120241);(0.249664,-0.012961);(0.056872,-0.243445);(-0.218080,-0.122233);(-0.177981,0.175564)
(0.249664,0.012961);(0.056872,0.243445);(-0.218080,0.122233);(-0.177981,-0.175564);(-0.243702,0.055763);(-0.121238,-0.218635);(0.176374,-0.177179);(0.219185,0.120241);(0.219185,-0.120241);(0.176374,0.177179);(-0.121238,0.218635);(-0.243702,-0.055763);(-0.177981,0.175564);(-0.218080,-0.122233);(0.056872,-0.243445);(0.249664,-0.012961)
