ns3::UniformPlanarArray
AntennaElement,ns3::IsotropicAntennaModel
AntennaVerticalSpacing,0.500
AntennaHorizontalSpacing,0.500
NumRows,8
NumColumns,1
10
8
(0.353553,0.000000);(0.353553,0.000000);(0.353553,0.000000);(0.353553,0.000000);(0.353553,0.000000);(0.353553,0.000000);(0.353553,0.000000);(0.353553,0.000000)
(-0.268380,-0.230157);(-0.058720,-0.348643);(0.178185,-0.305369);(0.332417,-0.120412);(0.332417,0.120412);(0.178185,0.305369);(-0.058720,0.348643);(-0.268380,0.230157)
(0.042033,0.351046);(-0.336752,0.107693);(-0.169463,-0.310294);(0.272627,-0.225111);(0.272627,0.225111);(-0.169463,0.310294);(-0.336752,-0.107693);(0.042033,-0.351046)
(0.220664,-0.276238);(0.142922,0.323378);(-0.352819,-0.022777);(0.183315,-0.302317);(0.183315,0.302317);(-0.352819,0.022777);(0.142922,-0.323378);(0.220664,0.276238)
(-0.345788,0.073691);(0.292044,-0.199274);(-0.194705,0.295110);(0.068300,-0.346894);(0.068300,0.346894);(-0.194705,-0.295110);(0.292044,0.199274);(-0.345788,-0.073691)
(0.000000,0.353553);(0.000000,-0.353553);(-0.000000,0.353553);(0.000000,-0.353553);(0.000000,0.353553);(-0.000000,-0.353553);(0.000000,0.353553);(0.000000,-0.353553)
(-0.268383,0.230154);(-0.058722,0.348643);(0.178183,0.305370);(0.332417,0.120413);(0.332417,-0.120413);(0.178183,-0.305370);(-0.058722,-0.348643);(-0.268383,-0.230154)
(0.042037,-0.351045);(-0.336752,-0.107696);(-0.169464,0.310293);(0.272626,0.225111);(0.272626,-0.225111);(-0.169464,-0.310293);(-0.336752,0.107696);(0.042037,0.351045)
(0.220661,0.276240);(0.142925,-0.323377);(-0.352819,0.022775);(0.183315,0.302317);(0.183315,-0.302317);(-0.352819,-0.022775);(0.142925,0.323377);(0.220661,-0.276240)
(-0.345788,-0.073694);(0.292043,0.199276);(-0.194703,-0.295111);(0.068300,0.346894);(0.068300,-0.346894);(-0.194703,0.295111);(0.292043,-0.199276);(-0.345788,0.073694)
