ns3::UniformPlanarArray
AntennaElement,ns3::IsotropicAntennaModel
AntennaVerticalSpacing,0.500
AntennaHorizontalSpacing,0.500
NumRows,8
NumColumns,8
70
64
(0.125000,0.000000);(0.125000,0.000000);(0.125000,0.000000);(0.125000,0.000000);(0.125000,0.000000);(0.125000,0.000000);(0.125000,0.000000);(0.125000,0.000000);(0.125000,0.000000);(0.125000,0.000000);(0.125000,0.000000);(0.125000,0.000000);(0.125000,0.000000);(0.125000,0.000000);(0.125000,0.000000);(0.125000,0.000000);(0.125000,0.000000);(0.125000,0.000000);(0.125000,0.000000);(0.125000,0.000000);(0.125000,0.000000);(0.125000,0.000000);(0.125000,0.000000);(0.125000,0.000000);(0.125000,0.000000);(0.125000,0.000000);(0.125000,0.000000);(0.125000,0.000000);(0.125000,0.000000);(0.125000,0.000000);(0.125000,0.000000);(0.125000,0.000000);(0.125000,0.000000);(0.125000,0.000000);(0.125000,0.000000);(0.125000,0.000000);(0.125000,0.000000);(0.125000,0.000000);(0.125000,0.000000);(0.125000,0.000000);(0.125000,0.000000);(0.125000,0.000000);(0.125000,0.000000);(0.125000,0.000000);(0.125000,0.000000);(0.125000,0.000000);(0.125000,0.000000);(0.125000,0.000000);(0.125000,0.000000);(0.125000,0.000000);(0.125000,0.000000);(0.125000,0.000000);(0.125000,0.000000);(0.125000,0.000000);(0.125000,0.000000);(0.125000,0.000000);(0.125000,0.000000);(0.125000,0.000000);(0.125000,0.000000);(0.125000,0.000000);(0.125000,0.000000);(0.125000,0.000000);(0.125000,0.000000);(0.125000,0.000000)
(-0.094887,0.081373);(-0.020761,0.123264);(0.062998,0.107964);(0.117527,0.042572);(0.117527,-0.042572);(0.062998,-0.107964);(-0.020761,-0.123264);(-0.094887,-0.081373);(-0.094887,0.081373);(-0.020761,0.123264);(0.062998,0.107964);(0.117527,0.042572);(0.117527,-0.042572);(0.062998,-0.107964);(-0.020761,-0.123264);(-0.094887,-0.081373);(-0.094887,0.081373);(-0.020761,0.123264);(0.062998,0.107964);(0.117527,0.042572);(0.117527,-0.042572);(0.062998,-0.107964);(-0.020761,-0.123264);(-0.094887,-0.081373);(-0.094887,0.081373);(-0.020761,0.123264);(0.062998,0.107964);(0.117527,0.042572);(0.117527,-0.042572);(0.062998,-0.107964);(-0.020761,-0.123264);(-0.094887,-0.081373);(-0.094887,0.081373);(-0.020761,0.123264);(0.062998,0.107964);(0.117527,0.042572);(0.117527,-0.042572);(0.062998,-0.107964);(-0.020761,-0.123264);(-0.094887,-0.081373);(-0.094887,0.081373);(-0.020761,0.123264);(0.062998,0.107964);(0.117527,0.042572);(0.117527,-0.042572);(0.062998,-0.107964);(-0.020761,-0.123264);(-0.094887,-0.081373);(-0.094887,0.081373);(-0.020761,0.123264);(0.062998,0.107964);(0.117527,0.042572);(0.117527,-0.042572);(0.062998,-0.107964);(-0.020761,-0.123264);(-0.094887,-0.081373);(-0.094887,0.081373);(-0.020761,0.123264);(0.062998,0.107964);(0.117527,0.042572);(0.117527,-0.042572);(0.062998,-0.107964);(-0.020761,-0.123264);(-0.094887,-0.081373)
(0.014861,-0.124113);(-0.119060,-0.038075);(-0.059914,0.109706);(0.096388,0.079589);(0.096388,-0.079589);(-0.059914,-0.109706);(-0.119060,0.038075);(0.014861,0.124113);(0.014861,-0.124113);(-0.119060,-0.038075);(-0.059914,0.109706);(0.096388,0.079589);(0.096388,-0.079589);(-0.059914,-0.109706);(-0.119060,0.038075);(0.014861,0.124113);(0.014861,-0.124113);(-0.119060,-0.038075);(-0.059914,0.109706);(0.096388,0.079589);(0.096388,-0.079589);(-0.059914,-0.109706);(-0.119060,0.038075);(0.014861,0.124113);(0.014861,-0.124113);(-0.119060,-0.038075);(-0.059914,0.109706);(0.096388,0.079589);(0.096388,-0.079589);(-0.059914,-0.109706);(-0.119060,0.038075);(0.014861,0.124113);(0.014861,-0.124113);(-0.119060,-0.038075);(-0.059914,0.109706);(0.096388,0.079589);(0.096388,-0.079589);(-0.059914,-0.109706);(-0.119060,0.038075);(0.014861,0.124113);(0.014861,-0.124113);(-0.119060,-0.038075);(-0.059914,0.109706);(0.096388,0.079589);(0.096388,-0.079589);(-0.059914,-0.109706);(-0.119060,0.038075);(0.014861,0.124113);(0.014861,-0.124113);(-0.119060,-0.038075);(-0.059914,0.109706);(0.096388,0.079589);(0.096388,-0.079589);(-0.059914,-0.109706);(-0.119060,0.038075);(0.014861,0.124113);(0.014861,-0.124113);(-0.119060,-0.038075);(-0.059914,0.109706);(0.096388,0.079589);(0.096388,-0.079589);(-0.059914,-0.109706);(-0.119060,0.038075);(0.014861,0.124113)
(0.078017,0.097665);(0.050531,-0.114331);(-0.124740,0.008053);(0.064812,0.106885);(0.064812,-0.106885);(-0.124740,-0.008053);(0.050531,0.114331);(0.078017,-0.097665);(0.078017,0.097665);(0.050531,-0.114331);(-0.124740,0.008053);(0.064812,0.106885);(0.064812,-0.106885);(-0.124740,-0.008053);(0.050531,0.114331);(0.078017,-0.097665);(0.078017,0.097665);(0.050531,-0.114331);(-0.124740,0.008053);(0.064812,0.106885);(0.064812,-0.106885);(-0.124740,-0.008053);(0.050531,0.114331);(0.078017,-0.097665);(0.078017,0.097665);(0.050531,-0.114331);(-0.124740,0.008053);(0.064812,0.106885);(0.064812,-0.106885);(-0.124740,-0.008053);(0.050531,0.114331);(0.078017,-0.097665);(0.078017,0.097665);(0.050531,-0.114331);(-0.124740,0.008053);(0.064812,0.106885);(0.064812,-0.106885);(-0.124740,-0.008053);(0.050531,0.114331);(0.078017,-0.097665);(0.078017,0.097665);(0.050531,-0.114331);(-0.124740,0.008053);(0.064812,0.106885);(0.064812,-0.106885);(-0.124740,-0.008053);(0.050531,0.114331);(0.078017,-0.097665);(0.078017,0.097665);(0.050531,-0.114331);(-0.124740,0.008053);(0.064812,0.106885);(0.064812,-0.106885);(-0.124740,-0.008053);(0.050531,0.114331);(0.078017,-0.097665);(0.078017,0.097665);(0.050531,-0.114331);(-0.124740,0.008053);(0.064812,0.106885);(0.064812,-0.106885);(-0.124740,-0.008053);(0.050531,0.114331);(0.078017,-0.097665)
(-0.122255,-0.026054);(0.103253,0.070454);(-0.068838,-0.104337);(0.024148,0.122645);(0.024148,-0.122645);(-0.068838,0.104337);(0.103253,-0.070454);(-0.122255,0.026054);(-0.122255,-0.026054);(0.103253,0.070454);(-0.068838,-0.104337);(0.024148,0.122645);(0.024148,-0.122645);(-0.068838,0.104337);(0.103253,-0.070454);(-0.122255,0.026054);(-0.122255,-0.026054);(0.103253,0.070454);(-0.068838,-0.104337);(0.024148,0.122645);(0.024148,-0.122645);(-0.068838,0.104337);(0.103253,-0.070454);(-0.122255,0.026054);(-0.122255,-0.026054);(0.103253,0.070454);(-0.068838,-0.104337);(0.024148,0.122645);(0.024148,-0.122645);(-0.068838,0.104337);(0.103253,-0.070454);(-0.122255,0.026054);(-0.122255,-0.026054);(0.103253,0.070454);(-0.068838,-0.104337);(0.024148,0.122645);(0.024148,-0.122645);(-0.068838,0.104337);(0.103253,-0.070454);(-0.122255,0.026054);(-0.122255,-0.026054);(0.103253,0.070454);(-0.068838,-0.104337);(0.024148,0.122645);(0.024148,-0.122645);(-0.068838,0.104337);(0.103253,-0.070454);(-0.122255,0.026054);(-0.122255,-0.026054);(0.103253,0.070454);(-0.068838,-0.104337);(0.024148,0.122645);(0.024148,-0.122645);(-0.068838,0.104337);(0.103253,-0.070454);(-0.122255,0.026054);(-0.122255,-0.026054);(0.103253,0.070454);(-0.068838,-0.104337);(0.024148,0.122645);(0.024148,-0.122645);(-0.068838,0.104337);(0.103253,-0.070454);(-0.122255,0.026054)
(-0.094887,-0.081373);(-0.020761,-0.123264);(0.062998,-0.107964);(0.117527,-0.042572);(0.117527,0.042572);(0.062998,0.107964);(-0.020761,0.123264);(-0.094887,0.081373);(-0.094887,-0.081373);(-0.020761,-0.123264);(0.062998,-0.107964);(0.117527,-0.042572);(0.117527,0.042572);(0.062998,0.107964);(-0.020761,0.123264);(-0.094887,0.081373);(-0.094887,-0.081373);(-0.020761,-0.123264);(0.062998,-0.107964);(0.117527,-0.042572);(0.117527,0.042572);(0.062998,0.107964);(-0.020761,0.123264);(-0.094887,0.081373);(-0.094887,-0.081373);(-0.020761,-0.123264);(0.062998,-0.107964);(0.117527,-0.042572);(0.117527,0.042572);(0.062998,0.107964);(-0.020761,0.123264);(-0.094887,0.081373);(-0.094887,-0.081373);(-0.020761,-0.123264);(0.062998,-0.107964);(0.117527,-0.042572);(0.117527,0.042572);(0.062998,0.107964);(-0.020761,0.123264);(-0.094887,0.081373);(-0.094887,-0.081373);(-0.020761,-0.123264);(0.062998,-0.107964);(0.117527,-0.042572);(0.117527,0.042572);(0.062998,0.107964);(-0.020761,0.123264);(-0.094887,0.081373);(-0.094887,-0.081373);(-0.020761,-0.123264);(0.062998,-0.107964);(0.117527,-0.042572);(0.117527,0.042572);(0.062998,0.107964);(-0.020761,0.123264);(-0.094887,0.081373);(-0.094887,-0.081373);(-0.020761,-0.123264);(0.062998,-0.107964);(0.117527,-0.042572);(0.117527,0.042572);(0.062998,0.107964);(-0.020761,0.123264);(-0.094887,0.081373)
(0.014861,0.124113);(-0.119060,0.038075);(-0.059914,-0.109706);(0.096388,-0.079589);(0.096388,0.079589);(-0.059914,0.109706);(-0.119060,-0.038075);(0.014861,-0.124113);(0.014861,0.124113);(-0.119060,0.038075);(-0.059914,-0.109706);(0.096388,-0.079589);(0.096388,0.079589);(-0.059914,0.109706);(-0.119060,-0.038075);(0.014861,-0.124113);(0.014861,0.124113);(-0.119060,0.038075);(-0.059914,-0.109706);(0.096388,-0.079589);(0.096388,0.079589);(-0.059914,0.109706);(-0.119060,-0.038075);(0.014861,-0.124113);(0.014861,0.124113);(-0.119060,0.038075);(-0.059914,-0.109706);(0.096388,-0.079589);(0.096388,0.079589);(-0.059914,0.109706);(-0.119060,-0.038075);(0.014861,-0.124113);(0.014861,0.124113);(-0.119060,0.038075);(-0.059914,-0.109706);(0.096388,-0.079589);(0.096388,0.079589);(-0.059914,0.109706);(-0.119060,-0.038075);(0.014861,-0.124113);(0.014861,0.124113);(-0.119060,0.038075);(-0.059914,-0.109706);(0.096388,-0.079589);(0.096388,0.079589);(-0.059914,0.109706);(-0.119060,-0.038075);(0.014861,-0.124113);(0.014861,0.124113);(-0.119060,0.038075);(-0.059914,-0.109706);(0.096388,-0.079589);(0.096388,0.079589);(-0.059914,0.109706);(-0.119060,-0.038075);(0.014861,-0.124113);(0.014861,0.124113);(-0.119060,0.038075);(-0.059914,-0.109706);(0.096388,-0.079589);(0.096388,0.079589);(-0.059914,0.109706);(-0.119060,-0.038075);(0.014861,-0.124113)
(0.078017,-0.097665);(0.050531,0.114331);(-0.124740,-0.008053);(0.064812,-0.106885);(0.064812,0.106885);(-0.124740,0.008053);(0.050531,-0.114331);(0.078017,0.097665);(0.078017,-0.097665);(0.050531,0.114331);(-0.124740,-0.008053);(0.064812,-0.106885);(0.064812,0.106885);(-0.124740,0.008053);(0.050531,-0.114331);(0.078017,0.097665);(0.078017,-0.097665);(0.050531,0.114331);(-0.124740,-0.008053);(0.064812,-0.106885);(0.064812,0.106885);(-0.124740,0.008053);(0.050531,-0.114331);(0.078017,0.097665);(0.078017,-0.097665);(0.050531,0.114331);(-0.124740,-0.008053);(0.064812,-0.106885);(0.064812,0.106885);(-0.124740,0.008053);(0.050531,-0.114331);(0.078017,0.097665);(0.078017,-0.097665);(0.050531,0.114331);(-0.124740,-0.008053);(0.064812,-0.106885);(0.064812,0.106885);(-0.124740,0.008053);(0.050531,-0.114331);(0.078017,0.097665);(0.078017,-0.097665);(0.050531,0.114331);(-0.124740,-0.008053);(0.064812,-0.106885);(0.064812,0.106885);(-0.124740,0.008053);(0.050531,-0.114331);(0.078017,0.097665);(0.078017,-0.097665);(0.050531,0.114331);(-0.124740,-0.008053);(0.064812,-0.106885);(0.064812,0.106885);(-0.124740,0.008053);(0.050531,-0.114331);(0.078017,0.097665);(0.078017,-0.097665);(0.050531,0.114331);(-0.124740,-0.008053);(0.064812,-0.106885);(0.064812,0.106885);(-0.124740,0.008053);(0.050531,-0.114331);(0.078017,0.097665)
(-0.122255,0.026054);(0.103253,-0.070454);(-0.068838,0.104337);(0.024148,-0.122645);(0.024148,0.122645);(-0.068838,-0.104337);(0.103253,0.070454);(-0.122255,-0.026054);(-0.122255,0.026054);(0.103253,-0.070454);(-0.068838,0.104337);(0.024148,-0.122645);(0.024148,0.122645);(-0.068838,-0.104337);(0.103253,0.070454);(-0.122255,-0.026054);(-0.122255,0.026054);(0.103253,-0.070454);(-0.068838,0.104337);(0.024148,-0.122645);(0.024148,0.122645);(-0.068838,-0.104337);(0.103253,0.070454);(-0.122255,-0.026054);(-0.122255,0.026054);(0.103253,-0.070454);(-0.068838,0.104337);(0.024148,-0.122645);(0.024148,0.122645);(-0.068838,-0.104337);(0.103253,0.070454);(-0.122255,-0.026054);(-0.122255,0.026054);(0.103253,-0.070454);(-0.068838,0.104337);(0.024148,-0.122645);(0.024148,0.122645);(-0.068838,-0.104337);(0.103253,0.070454);(-0.122255,-0.026054);(-0.122255,0.026054);(0.103253,-0.070454);(-0.068838,0.104337);(0.024148,-0.122645);(0.024148,0.122645);(-0.068838,-0.104337);(0.103253,0.070454);(-0.122255,-0.026054);(-0.122255,0.026054);(0.103253,-0.070454);(-0.068838,0.104337);(0.024148,-0.122645);(0.024148,0.122645);(-0.068838,-0.104337);(0.103253,0.070454);(-0.122255,-0.026054);(-0.122255,0.026054);(0.103253,-0.070454);(-0.068838,0.104337);(0.024148,-0.122645);(0.024148,0.122645);(-0.068838,-0.104337);(0.103253,0.070454);(-0.122255,-0.026054)
(-0.094887,0.081373);(-0.094887,0.081373);(-0.094887,0.081373);(-0.094887,0.081373);(-0.094887,0.081373);(-0.094887,0.081373);(-0.094887,0.081373);(-0.094887,0.081373);(-0.020761,0.123264);(-0.020761,0.123264);(-0.020761,0.123264);(-0.020761,0.123264);(-0.020761,0.123264);(-0.020761,0.123264);(-0.020761,0.123264);(-0.020761,0.123264);(0.062998,0.107964);(0.062998,0.107964);(0.062998,0.107964);(0.062998,0.107964);(0.062998,0.107964);(0.062998,0.107964);(0.062998,0.107964);(0.062998,0.107964);(0.117527,0.042572);(0.117527,0.042572);(0.117527,0.042572);(0.117527,0.042572);(0.117527,0.042572);(0.117527,0.042572);(0.117527,0.042572);(0.117527,0.042572);(0.117527,-0.042572);(0.117527,-0.042572);(0.117527,-0.042572);(0.117527,-0.042572);(0.117527,-0.042572);(0.117527,-0.042572);(0.117527,-0.042572);(0.117527,-0.042572);(0.062998,-0.107964);(0.062998,-0.107964);(0.062998,-0.107964);(0.062998,-0.107964);(0.062998,-0.107964);(0.062998,-0.107964);(0.062998,-0.107964);(0.062998,-0.107964);(-0.020761,-0.123264);(-0.020761,-0.123264);(-0.020761,-0.123264);(-0.020761,-0.123264);(-0.020761,-0.123264);(-0.020761,-0.123264);(-0.020761,-0.123264);(-0.020761,-0.123264);(-0.094887,-0.081373);(-0.094887,-0.081373);(-0.094887,-0.081373);(-0.094887,-0.081373);(-0.094887,-0.081373);(-0.094887,-0.081373);(-0.094887,-0.081373);(-0.094887,-0.081373)
(0.018959,-0.123554);(-0.064543,-0.107047);(-0.118118,-0.040905);(-0.116923,0.044205);(-0.061513,0.108817);(0.022420,0.122973);(0.095957,0.080108);(0.125000,0.000098);(-0.064567,-0.107033);(-0.118127,-0.040878);(-0.116913,0.044231);(-0.061488,0.108831);(0.022448,0.122968);(0.095975,0.080086);(0.125000,0.000070);(0.096065,-0.079979);(-0.118136,-0.040852);(-0.116903,0.044257);(-0.061464,0.108845);(0.022475,0.122963);(0.095993,0.080065);(0.125000,0.000042);(0.096047,-0.080000);(0.022558,-0.122948);(-0.116893,0.044284);(-0.061439,0.108859);(0.022503,0.122958);(0.096011,0.080043);(0.125000,0.000014);(0.096029,-0.080022);(0.022530,-0.122953);(-0.061415,-0.108873);(-0.061415,0.108873);(0.022530,0.122953);(0.096029,0.080022);(0.125000,-0.000014);(0.096011,-0.080043);(0.022503,-0.122958);(-0.061439,-0.108859);(-0.116893,-0.044284);(0.022558,0.122948);(0.096047,0.080000);(0.125000,-0.000042);(0.095993,-0.080065);(0.022475,-0.122963);(-0.061464,-0.108845);(-0.116903,-0.044257);(-0.118136,0.040852);(0.096065,0.079979);(0.125000,-0.000070);(0.095975,-0.080086);(0.022448,-0.122968);(-0.061488,-0.108831);(-0.116913,-0.044231);(-0.118127,0.040878);(-0.064567,0.107033);(0.125000,-0.000098);(0.095957,-0.080108);(0.022420,-0.122973);(-0.061513,-0.108817);(-0.116923,-0.044205);(-0.118118,0.040905);(-0.064543,0.107047);(0.018959,0.123554)
(0.069880,0.103642);(0.115041,-0.048893);(-0.026120,-0.122240);(-0.124977,0.002395);(-0.021419,0.123151);(0.116830,0.044450);(0.065859,-0.106243);(-0.091778,-0.084863);(0.120045,0.034845);(0.057041,-0.111227);(-0.098348,-0.077154);(-0.094451,0.081878);(0.062420,0.108299);(0.118194,-0.040683);(-0.017461,-0.123774);(-0.124836,-0.006398);(0.114512,-0.050119);(-0.027425,-0.121954);(-0.124944,0.003730);(-0.020102,0.123373);(0.117298,0.043199);(0.064720,-0.106941);(-0.092680,-0.083878);(-0.099974,0.075035);(0.055849,-0.111830);(-0.099166,-0.076099);(-0.093570,0.082883);(0.063574,0.107626);(0.117753,-0.041944);(-0.018783,-0.123581);(-0.124897,-0.005064);(-0.028726,0.121654);(-0.028726,-0.121654);(-0.124897,0.005064);(-0.018783,0.123581);(0.117753,0.041944);(0.063574,-0.107626);(-0.093570,-0.082883);(-0.099166,0.076099);(0.055849,0.111830);(-0.099974,-0.075035);(-0.092680,0.083878);(0.064720,0.106941);(0.117298,-0.043199);(-0.020102,-0.123373);(-0.124944,-0.003730);(-0.027425,0.121954);(0.114512,0.050119);(-0.124836,0.006398);(-0.017461,0.123774);(0.118194,0.040683);(0.062420,-0.108299);(-0.094451,-0.081878);(-0.098348,0.077154);(0.057041,0.111227);(0.120045,-0.034845);(-0.091778,0.084863);(0.065859,0.106243);(0.116830,-0.044450);(-0.021419,-0.123151);(-0.124977,-0.002395);(-0.026120,0.122240);(0.115041,0.048893);(0.069880,-0.103642)
(-0.123035,-0.022079);(0.036952,0.119413);(0.089060,-0.087712);(-0.118836,-0.038769);(0.020200,0.123357);(0.100263,-0.074648);(-0.112384,-0.054725);(0.003065,0.124962);(-0.108633,0.061838);(0.104856,0.068046);(0.012226,-0.124401);(-0.116097,0.046331);(0.094516,0.081803);(0.029197,-0.121542);(-0.121360,0.029945);(0.082384,0.094010);(-0.043828,0.117065);(0.124110,-0.014893);(-0.070281,-0.103371);(-0.059492,0.109935);(0.124979,0.002295);(-0.055416,-0.112045);(-0.074028,0.100721);(0.123479,0.019440);(0.041311,0.117976);(0.085780,-0.090922);(-0.120179,-0.034381);(0.024715,0.122532);(0.097455,-0.078278);(-0.114318,-0.050562);(0.007651,0.124766);(0.107284,-0.064150);(0.107284,0.064150);(0.007651,-0.124766);(-0.114318,0.050562);(0.097455,0.078278);(0.024715,-0.122532);(-0.120179,0.034381);(0.085780,0.090922);(0.041311,-0.117976);(0.123479,-0.019440);(-0.074028,-0.100721);(-0.055416,0.112045);(0.124979,-0.002295);(-0.059492,-0.109935);(-0.070281,0.103371);(0.124110,0.014893);(-0.043828,-0.117065);(0.082384,-0.094010);(-0.121360,-0.029945);(0.029197,0.121542);(0.094516,-0.081803);(-0.116097,-0.046331);(0.012226,0.124401);(0.104856,-0.068046);(-0.108633,-0.061838);(0.003065,-0.124962);(-0.112384,0.054725);(0.100263,0.074648);(0.020200,-0.123357);(-0.118836,0.038769);(0.089060,0.087712);(0.036952,-0.119413);(-0.123035,0.022079)
(0.117442,-0.042806);(-0.124999,0.000425);(0.117730,0.042007);(-0.096497,-0.079457);(0.063818,0.107482);(-0.023569,-0.122758);(-0.019475,0.123474);(0.060210,-0.109544);(0.062782,-0.108090);(-0.095729,0.080380);(0.117321,-0.043136);(-0.124998,0.000776);(0.117848,0.041677);(-0.096719,-0.079186);(0.064119,0.107302);(-0.023913,-0.122691);(-0.021006,-0.123222);(-0.022043,0.123041);(0.062479,-0.108265);(-0.095503,0.080648);(0.117200,-0.043465);(-0.124995,0.001127);(0.117964,0.041346);(-0.096941,-0.078914);(-0.095049,-0.081183);(0.061870,0.108615);(-0.021352,-0.123163);(-0.021698,0.123102);(0.062174,-0.108440);(-0.095276,0.080916);(0.117077,-0.043794);(-0.124991,0.001478);(-0.124991,-0.001478);(0.117077,0.043794);(-0.095276,-0.080916);(0.062174,0.108440);(-0.021698,-0.123102);(-0.021352,0.123163);(0.061870,-0.108615);(-0.095049,0.081183);(-0.096941,0.078914);(0.117964,-0.041346);(-0.124995,-0.001127);(0.117200,0.043465);(-0.095503,-0.080648);(0.062479,0.108265);(-0.022043,-0.123041);(-0.021006,0.123222);(-0.023913,0.122691);(0.064119,-0.107302);(-0.096719,0.079186);(0.117848,-0.041677);(-0.124998,-0.000776);(0.117321,0.043136);(-0.095729,-0.080380);(0.062782,0.108090);(0.060210,0.109544);(-0.019475,-0.123474);(-0.023569,0.122758);(0.063818,-0.107482);(-0.096497,0.079457);(0.117730,-0.042007);(-0.124999,-0.000425);(0.117442,0.042806)
(0.125000,0.000098);(0.095957,0.080108);(0.022420,0.122973);(-0.061513,0.108817);(-0.116923,0.044205);(-0.118118,-0.040905);(-0.064543,-0.107047);(0.018959,-0.123554);(0.096065,-0.079979);(0.125000,0.000070);(0.095975,0.080086);(0.022448,0.122968);(-0.061488,0.108831);(-0.116913,0.044231);(-0.118127,-0.040878);(-0.064567,-0.107033);(0.022558,-0.122948);(0.096047,-0.080000);(0.125000,0.000042);(0.095993,0.080065);(0.022475,0.122963);(-0.061464,0.108845);(-0.116903,0.044257);(-0.118136,-0.040852);(-0.061415,-0.108873);(0.022530,-0.122953);(0.096029,-0.080022);(0.125000,0.000014);(0.096011,0.080043);(0.022503,0.122958);(-0.061439,0.108859);(-0.116893,0.044284);(-0.116893,-0.044284);(-0.061439,-0.108859);(0.022503,-0.122958);(0.096011,-0.080043);(0.125000,-0.000014);(0.096029,0.080022);(0.022530,0.122953);(-0.061415,0.108873);(-0.118136,0.040852);(-0.116903,-0.044257);(-0.061464,-0.108845);(0.022475,-0.122963);(0.095993,-0.080065);(0.125000,-0.000042);(0.096047,0.080000);(0.022558,0.122948);(-0.064567,0.107033);(-0.118127,0.040878);(-0.116913,-0.044231);(-0.061488,-0.108831);(0.022448,-0.122968);(0.095975,-0.080086);(0.125000,-0.000070);(0.096065,0.079979);(0.018959,0.123554);(-0.064543,0.107047);(-0.118118,0.040905);(-0.116923,-0.044205);(-0.061513,-0.108817);(0.022420,-0.122973);(0.095957,-0.080108);(0.125000,-0.000098)
(-0.091778,-0.084863);(0.065859,-0.106243);(0.116830,0.044450);(-0.021419,0.123151);(-0.124977,0.002395);(-0.026120,-0.122240);(0.115041,-0.048893);(0.069880,0.103642);(-0.124836,-0.006398);(-0.017461,-0.123774);(0.118194,-0.040683);(0.062420,0.108299);(-0.094451,0.081878);(-0.098348,-0.077154);(0.057041,-0.111227);(0.120045,0.034845);(-0.099974,0.075035);(-0.092680,-0.083878);(0.064720,-0.106941);(0.117298,0.043199);(-0.020102,0.123373);(-0.124944,0.003730);(-0.027425,-0.121954);(0.114512,-0.050119);(-0.028726,0.121654);(-0.124897,-0.005064);(-0.018783,-0.123581);(0.117753,-0.041944);(0.063574,0.107626);(-0.093570,0.082883);(-0.099166,-0.076099);(0.055849,-0.111830);(0.055849,0.111830);(-0.099166,0.076099);(-0.093570,-0.082883);(0.063574,-0.107626);(0.117753,0.041944);(-0.018783,0.123581);(-0.124897,0.005064);(-0.028726,-0.121654);(0.114512,0.050119);(-0.027425,0.121954);(-0.124944,-0.003730);(-0.020102,-0.123373);(0.117298,-0.043199);(0.064720,0.106941);(-0.092680,0.083878);(-0.099974,-0.075035);(0.120045,-0.034845);(0.057041,0.111227);(-0.098348,0.077154);(-0.094451,-0.081878);(0.062420,-0.108299);(0.118194,0.040683);(-0.017461,0.123774);(-0.124836,0.006398);(0.069880,-0.103642);(0.115041,0.048893);(-0.026120,0.122240);(-0.124977,-0.002395);(-0.021419,-0.123151);(0.116830,-0.044450);(0.065859,0.106243);(-0.091778,0.084863)
(0.003065,0.124962);(-0.112384,-0.054725);(0.100263,-0.074648);(0.020200,0.123357);(-0.118836,-0.038769);(0.089060,-0.087712);(0.036952,0.119413);(-0.123035,-0.022079);(0.082384,0.094010);(-0.121360,0.029945);(0.029197,-0.121542);(0.094516,0.081803);(-0.116097,0.046331);(0.012226,-0.124401);(0.104856,0.068046);(-0.108633,0.061838);(0.123479,0.019440);(-0.074028,0.100721);(-0.055416,-0.112045);(0.124979,0.002295);(-0.059492,0.109935);(-0.070281,-0.103371);(0.124110,-0.014893);(-0.043828,0.117065);(0.107284,-0.064150);(0.007651,0.124766);(-0.114318,-0.050562);(0.097455,-0.078278);(0.024715,0.122532);(-0.120179,-0.034381);(0.085780,-0.090922);(0.041311,0.117976);(0.041311,-0.117976);(0.085780,0.090922);(-0.120179,0.034381);(0.024715,-0.122532);(0.097455,0.078278);(-0.114318,0.050562);(0.007651,-0.124766);(0.107284,0.064150);(-0.043828,-0.117065);(0.124110,0.014893);(-0.070281,0.103371);(-0.059492,-0.109935);(0.124979,-0.002295);(-0.055416,0.112045);(-0.074028,-0.100721);(0.123479,-0.019440);(-0.108633,-0.061838);(0.104856,-0.068046);(0.012226,0.124401);(-0.116097,-0.046331);(0.094516,-0.081803);(0.029197,0.121542);(-0.121360,-0.029945);(0.082384,-0.094010);(-0.123035,0.022079);(0.036952,-0.119413);(0.089060,0.087712);(-0.118836,0.038769);(0.020200,-0.123357);(0.100263,0.074648);(-0.112384,0.054725);(0.003065,-0.124962)
(0.060210,-0.109544);(-0.019475,0.123474);(-0.023569,-0.122758);(0.063818,0.107482);(-0.096497,-0.079457);(0.117730,0.042007);(-0.124999,0.000425);(0.117442,-0.042806);(-0.023913,-0.122691);(0.064119,0.107302);(-0.096719,-0.079186);(0.117848,0.041677);(-0.124998,0.000776);(0.117321,-0.043136);(-0.095729,0.080380);(0.062782,-0.108090);(-0.096941,-0.078914);(0.117964,0.041346);(-0.124995,0.001127);(0.117200,-0.043465);(-0.095503,0.080648);(0.062479,-0.108265);(-0.022043,0.123041);(-0.021006,-0.123222);(-0.124991,0.001478);(0.117077,-0.043794);(-0.095276,0.080916);(0.062174,-0.108440);(-0.021698,0.123102);(-0.021352,-0.123163);(0.061870,0.108615);(-0.095049,-0.081183);(-0.095049,0.081183);(0.061870,-0.108615);(-0.021352,0.123163);(-0.021698,-0.123102);(0.062174,0.108440);(-0.095276,-0.080916);(0.117077,0.043794);(-0.124991,-0.001478);(-0.021006,0.123222);(-0.022043,-0.123041);(0.062479,0.108265);(-0.095503,-0.080648);(0.117200,0.043465);(-0.124995,-0.001127);(0.117964,-0.041346);(-0.096941,0.078914);(0.062782,0.108090);(-0.095729,-0.080380);(0.117321,0.043136);(-0.124998,-0.000776);(0.117848,-0.041677);(-0.096719,0.079186);(0.064119,-0.107302);(-0.023913,0.122691);(0.117442,0.042806);(-0.124999,-0.000425);(0.117730,-0.042007);(-0.096497,0.079457);(0.063818,-0.107482);(-0.023569,0.122758);(-0.019475,-0.123474);(0.060210,0.109544)
(0.014861,-0.124113);(0.014861,-0.124113);(0.014861,-0.124113);(0.014861,-0.124113);(0.014861,-0.124113);(0.014861,-0.124113);(0.014861,-0.124113);(0.014861,-0.124113);(-0.119060,-0.038075);(-0.119060,-0.038075);(-0.119060,-0.038075);(-0.119060,-0.038075);(-0.119060,-0.038075);(-0.119060,-0.038075);(-0.119060,-0.038075);(-0.119060,-0.038075);(-0.059914,0.109706);(-0.059914,0.109706);(-0.059914,0.109706);(-0.059914,0.109706);(-0.059914,0.109706);(-0.059914,0.109706);(-0.059914,0.109706);(-0.059914,0.109706);(0.096388,0.079589);(0.096388,0.079589);(0.096388,0.079589);(0.096388,0.079589);(0.096388,0.079589);(0.096388,0.079589);(0.096388,0.079589);(0.096388,0.079589);(0.096388,-0.079589);(0.096388,-0.079589);(0.096388,-0.079589);(0.096388,-0.079589);(0.096388,-0.079589);(0.096388,-0.079589);(0.096388,-0.079589);(0.096388,-0.079589);(-0.059914,-0.109706);(-0.059914,-0.109706);(-0.059914,-0.109706);(-0.059914,-0.109706);(-0.059914,-0.109706);(-0.059914,-0.109706);(-0.059914,-0.109706);(-0.059914,-0.109706);(-0.119060,0.038075);(-0.119060,0.038075);(-0.119060,0.038075);(-0.119060,0.038075);(-0.119060,0.038075);(-0.119060,0.038075);(-0.119060,0.038075);(-0.119060,0.038075);(0.014861,0.124113);(0.014861,0.124113);(0.014861,0.124113);(0.014861,0.124113);(0.014861,0.124113);(0.014861,0.124113);(0.014861,0.124113);(0.014861,0.124113)
(0.069894,0.103633);(0.120013,0.034955);(0.114610,-0.049895);(0.056184,-0.111662);(-0.028234,-0.121770);(-0.099591,-0.075543);(-0.124873,0.005633);(-0.092385,0.084202);(0.114986,-0.049024);(0.057030,-0.111232);(-0.027309,-0.121980);(-0.099014,-0.076296);(-0.124912,0.004685);(-0.093021,0.083499);(-0.018095,0.123683);(0.065202,0.106648);(-0.026383,-0.122184);(-0.098433,-0.077046);(-0.124944,0.003737);(-0.093652,0.082790);(-0.019034,0.123542);(0.064391,0.107139);(0.118026,0.041170);(0.117058,-0.043846);(-0.124969,0.002788);(-0.094278,0.082077);(-0.019971,0.123394);(0.063576,0.107625);(0.117710,0.042064);(0.117387,-0.042957);(0.062757,-0.108104);(-0.020907,-0.123239);(-0.020907,0.123239);(0.062757,0.108104);(0.117387,0.042957);(0.117710,-0.042064);(0.063576,-0.107625);(-0.019971,-0.123394);(-0.094278,-0.082077);(-0.124969,-0.002788);(0.117058,0.043846);(0.118026,-0.041170);(0.064391,-0.107139);(-0.019034,-0.123542);(-0.093652,-0.082790);(-0.124944,-0.003737);(-0.098433,0.077046);(-0.026383,0.122184);(0.065202,-0.106648);(-0.018095,-0.123683);(-0.093021,-0.083499);(-0.124912,-0.004685);(-0.099014,0.076296);(-0.027309,0.121980);(0.057030,0.111232);(0.114986,0.049024);(-0.092385,-0.084202);(-0.124873,-0.005633);(-0.099591,0.075543);(-0.028234,0.121770);(0.056184,0.111662);(0.114610,0.049895);(0.120013,-0.034955);(0.069894,-0.103633)
(-0.121939,-0.027495);(-0.050611,0.114296);(0.102317,0.071807);(0.090279,-0.086456);(-0.067316,-0.105326);(-0.116377,0.045621);(0.022196,0.123013);(0.124983,0.002071);(-0.050070,0.114534);(0.102655,0.071322);(0.089869,-0.086883);(-0.067813,-0.105006);(-0.116160,0.046172);(0.022778,0.122907);(0.124991,0.001479);(0.025680,-0.122334);(0.102992,0.070835);(0.089457,-0.087307);(-0.068310,-0.104684);(-0.115940,0.046721);(0.023360,0.122798);(0.124997,0.000887);(0.025101,-0.122454);(-0.115265,-0.048363);(0.089042,-0.087729);(-0.068804,-0.104360);(-0.115718,0.047269);(0.023941,0.122686);(0.125000,0.000296);(0.024521,-0.122571);(-0.115493,-0.047816);(-0.069298,0.104033);(-0.069298,-0.104033);(-0.115493,0.047816);(0.024521,0.122571);(0.125000,-0.000296);(0.023941,-0.122686);(-0.115718,-0.047269);(-0.068804,0.104360);(0.089042,0.087729);(-0.115265,0.048363);(0.025101,0.122454);(0.124997,-0.000887);(0.023360,-0.122798);(-0.115940,-0.046721);(-0.068310,0.104684);(0.089457,0.087307);(0.102992,-0.070835);(0.025680,0.122334);(0.124991,-0.001479);(0.022778,-0.122907);(-0.116160,-0.046172);(-0.067813,0.105006);(0.089869,0.086883);(0.102655,-0.071322);(-0.050070,-0.114534);(0.124983,-0.002071);(0.022196,-0.123013);(-0.116377,-0.045621);(-0.067316,0.105326);(0.090279,0.086456);(0.102317,-0.071807);(-0.050611,-0.114296);(-0.121939,0.027495)
(0.102810,-0.071100);(-0.109729,-0.059870);(-0.004148,0.124931);(0.113459,-0.052460);(-0.097867,-0.077763);(-0.025464,0.122379);(0.120762,-0.032272);(-0.083117,-0.093362);(-0.050364,-0.114405);(-0.079550,0.096420);(0.121890,0.027711);(-0.030045,-0.121335);(-0.094875,0.081386);(0.115351,0.048159);(-0.008840,-0.124687);(-0.107402,0.063952);(-0.121868,0.027808);(0.079627,0.096356);(0.050272,-0.114445);(-0.124829,0.006545);(0.061965,0.108560);(0.069113,-0.104155);(-0.124108,-0.014911);(0.042476,0.117562);(0.004248,0.124928);(0.109682,-0.059958);(-0.102866,-0.071018);(-0.017191,0.123812);(0.118323,-0.040306);(-0.089198,-0.087572);(-0.038123,0.119045);(0.123475,-0.019466);(0.123475,0.019466);(-0.038123,-0.119045);(-0.089198,0.087572);(0.118323,0.040306);(-0.017191,-0.123812);(-0.102866,0.071018);(0.109682,0.059958);(0.004248,-0.124928);(0.042476,-0.117562);(-0.124108,0.014911);(0.069113,0.104155);(0.061965,-0.108560);(-0.124829,-0.006545);(0.050272,0.114445);(0.079627,-0.096356);(-0.121868,-0.027808);(-0.107402,-0.063952);(-0.008840,0.124687);(0.115351,-0.048159);(-0.094875,-0.081386);(-0.030045,0.121335);(0.121890,-0.027711);(-0.079550,-0.096420);(-0.050364,0.114405);(-0.083117,0.093362);(0.120762,0.032272);(-0.025464,-0.122379);(-0.097867,0.077763);(0.113459,0.052460);(-0.004148,-0.124931);(-0.109729,0.059870);(0.102810,0.071100)
(-0.029506,0.121468);(0.075952,-0.099279);(-0.109519,0.060254);(0.124514,-0.011012);(-0.118394,-0.040097);(0.092198,0.084407);(-0.050367,-0.114404);(-0.000006,0.125000);(0.113691,0.051955);(-0.083115,-0.093364);(0.038445,0.118941);(0.012745,-0.124349);(-0.061774,0.108669);(0.100327,-0.074562);(-0.121867,0.027811);(0.122741,0.023656);(0.072527,-0.101808);(-0.107404,0.063949);(0.124067,-0.015246);(-0.119691,-0.036042);(0.095019,0.081219);(-0.054233,-0.112622);(0.004251,0.124928);(0.046452,-0.116048);(-0.086246,-0.090480);(0.042473,0.117563);(0.008503,-0.124710);(-0.058037,0.110710);(0.097729,-0.077936);(-0.120849,0.031945);(0.123476,0.019462);(-0.105163,-0.067570);(-0.105163,0.067570);(0.123476,-0.019462);(-0.120849,-0.031945);(0.097729,0.077936);(-0.058037,-0.110710);(0.008503,0.124710);(0.042473,-0.117563);(-0.086246,0.090480);(0.046452,0.116048);(0.004251,-0.124928);(-0.054233,0.112622);(0.095019,-0.081219);(-0.119691,0.036042);(0.124067,0.015246);(-0.107404,-0.063949);(0.072527,0.101808);(0.122741,-0.023656);(-0.121867,-0.027811);(0.100327,0.074562);(-0.061774,-0.108669);(0.012745,0.124349);(0.038445,-0.118941);(-0.083115,0.093364);(0.113691,-0.051955);(-0.000006,-0.125000);(-0.050367,0.114404);(0.092198,-0.084407);(-0.118394,0.040097);(0.124514,0.011012);(-0.109519,-0.060254);(0.075952,0.099279);(-0.029506,-0.121468)
(-0.092385,0.084202);(-0.124873,0.005633);(-0.099591,-0.075543);(-0.028234,-0.121770);(0.056184,-0.111662);(0.114610,-0.049895);(0.120013,0.034955);(0.069894,0.103633);(0.065202,0.106648);(-0.018095,0.123683);(-0.093021,0.083499);(-0.124912,0.004685);(-0.099014,-0.076296);(-0.027309,-0.121980);(0.057030,-0.111232);(0.114986,-0.049024);(0.117058,-0.043846);(0.118026,0.041170);(0.064391,0.107139);(-0.019034,0.123542);(-0.093652,0.082790);(-0.124944,0.003737);(-0.098433,-0.077046);(-0.026383,-0.122184);(-0.020907,-0.123239);(0.062757,-0.108104);(0.117387,-0.042957);(0.117710,0.042064);(0.063576,0.107625);(-0.019971,0.123394);(-0.094278,0.082077);(-0.124969,0.002788);(-0.124969,-0.002788);(-0.094278,-0.082077);(-0.019971,-0.123394);(0.063576,-0.107625);(0.117710,-0.042064);(0.117387,0.042957);(0.062757,0.108104);(-0.020907,0.123239);(-0.026383,0.122184);(-0.098433,0.077046);(-0.124944,-0.003737);(-0.093652,-0.082790);(-0.019034,-0.123542);(0.064391,-0.107139);(0.118026,-0.041170);(0.117058,0.043846);(0.114986,0.049024);(0.057030,0.111232);(-0.027309,0.121980);(-0.099014,0.076296);(-0.124912,-0.004685);(-0.093021,-0.083499);(-0.018095,-0.123683);(0.065202,-0.106648);(0.069894,-0.103633);(0.120013,-0.034955);(0.114610,0.049895);(0.056184,0.111662);(-0.028234,0.121770);(-0.099591,0.075543);(-0.124873,-0.005633);(-0.092385,-0.084202)
(0.124983,0.002071);(0.022196,0.123013);(-0.116377,0.045621);(-0.067316,-0.105326);(0.090279,-0.086456);(0.102317,0.071807);(-0.050611,0.114296);(-0.121939,-0.027495);(0.025680,-0.122334);(0.124991,0.001479);(0.022778,0.122907);(-0.116160,0.046172);(-0.067813,-0.105006);(0.089869,-0.086883);(0.102655,0.071322);(-0.050070,0.114534);(-0.115265,-0.048363);(0.025101,-0.122454);(0.124997,0.000887);(0.023360,0.122798);(-0.115940,0.046721);(-0.068310,-0.104684);(0.089457,-0.087307);(0.102992,0.070835);(-0.069298,0.104033);(-0.115493,-0.047816);(0.024521,-0.122571);(0.125000,0.000296);(0.023941,0.122686);(-0.115718,0.047269);(-0.068804,-0.104360);(0.089042,-0.087729);(0.089042,0.087729);(-0.068804,0.104360);(-0.115718,-0.047269);(0.023941,-0.122686);(0.125000,-0.000296);(0.024521,0.122571);(-0.115493,0.047816);(-0.069298,-0.104033);(0.102992,-0.070835);(0.089457,0.087307);(-0.068310,0.104684);(-0.115940,-0.046721);(0.023360,-0.122798);(0.124997,-0.000887);(0.025101,0.122454);(-0.115265,0.048363);(-0.050070,-0.114534);(0.102655,-0.071322);(0.089869,0.086883);(-0.067813,0.105006);(-0.116160,-0.046172);(0.022778,-0.122907);(0.124991,-0.001479);(0.025680,0.122334);(-0.121939,0.027495);(-0.050611,-0.114296);(0.102317,-0.071807);(0.090279,0.086456);(-0.067316,0.105326);(-0.116377,-0.045621);(0.022196,-0.123013);(0.124983,-0.002071)
(-0.083117,-0.093362);(0.120762,-0.032272);(-0.025464,0.122379);(-0.097867,-0.077763);(0.113459,-0.052460);(-0.004148,0.124931);(-0.109729,-0.059870);(0.102810,-0.071100);(-0.107402,0.063952);(-0.008840,-0.124687);(0.115351,0.048159);(-0.094875,0.081386);(-0.030045,-0.121335);(0.121890,0.027711);(-0.079550,0.096420);(-0.050364,-0.114405);(0.042476,0.117562);(-0.124108,-0.014911);(0.069113,-0.104155);(0.061965,0.108560);(-0.124829,0.006545);(0.050272,-0.114445);(0.079627,0.096356);(-0.121868,0.027808);(0.123475,-0.019466);(-0.038123,0.119045);(-0.089198,-0.087572);(0.118323,-0.040306);(-0.017191,0.123812);(-0.102866,-0.071018);(0.109682,-0.059958);(0.004248,0.124928);(0.004248,-0.124928);(0.109682,0.059958);(-0.102866,0.071018);(-0.017191,-0.123812);(0.118323,0.040306);(-0.089198,0.087572);(-0.038123,-0.119045);(0.123475,0.019466);(-0.121868,-0.027808);(0.079627,-0.096356);(0.050272,0.114445);(-0.124829,-0.006545);(0.061965,-0.108560);(0.069113,0.104155);(-0.124108,0.014911);(0.042476,-0.117562);(-0.050364,0.114405);(-0.079550,-0.096420);(0.121890,-0.027711);(-0.030045,0.121335);(-0.094875,-0.081386);(0.115351,-0.048159);(-0.008840,0.124687);(-0.107402,-0.063952);(0.102810,0.071100);(-0.109729,0.059870);(-0.004148,-0.124931);(0.113459,0.052460);(-0.097867,0.077763);(-0.025464,-0.122379);(0.120762,0.032272);(-0.083117,0.093362)
(-0.000006,0.125000);(-0.050367,-0.114404);(0.092198,0.084407);(-0.118394,-0.040097);(0.124514,-0.011012);(-0.109519,0.060254);(0.075952,-0.099279);(-0.029506,0.121468);(0.122741,0.023656);(-0.121867,0.027811);(0.100327,-0.074562);(-0.061774,0.108669);(0.012745,-0.124349);(0.038445,0.118941);(-0.083115,-0.093364);(0.113691,0.051955);(0.046452,-0.116048);(0.004251,0.124928);(-0.054233,-0.112622);(0.095019,0.081219);(-0.119691,-0.036042);(0.124067,-0.015246);(-0.107404,0.063949);(0.072527,-0.101808);(-0.105163,-0.067570);(0.123476,0.019462);(-0.120849,0.031945);(0.097729,-0.077936);(-0.058037,0.110710);(0.008503,-0.124710);(0.042473,0.117563);(-0.086246,-0.090480);(-0.086246,0.090480);(0.042473,-0.117563);(0.008503,0.124710);(-0.058037,-0.110710);(0.097729,0.077936);(-0.120849,-0.031945);(0.123476,-0.019462);(-0.105163,0.067570);(0.072527,0.101808);(-0.107404,-0.063949);(0.124067,0.015246);(-0.119691,0.036042);(0.095019,-0.081219);(-0.054233,0.112622);(0.004251,-0.124928);(0.046452,0.116048);(0.113691,-0.051955);(-0.083115,0.093364);(0.038445,-0.118941);(0.012745,0.124349);(-0.061774,-0.108669);(0.100327,0.074562);(-0.121867,-0.027811);(0.122741,-0.023656);(-0.029506,-0.121468);(0.075952,0.099279);(-0.109519,-0.060254);(0.124514,0.011012);(-0.118394,0.040097);(0.092198,-0.084407);(-0.050367,0.114404);(-0.000006,-0.125000)
(0.078017,0.097665);(0.078017,0.097665);(0.078017,0.097665);(0.078017,0.097665);(0.078017,0.097665);(0.078017,0.097665);(0.078017,0.097665);(0.078017,0.097665);(0.050531,-0.114331);(0.050531,-0.114331);(0.050531,-0.114331);(0.050531,-0.114331);(0.050531,-0.114331);(0.050531,-0.114331);(0.050531,-0.114331);(0.050531,-0.114331);(-0.124740,0.008053);(-0.124740,0.008053);(-0.124740,0.008053);(-0.124740,0.008053);(-0.124740,0.008053);(-0.124740,0.008053);(-0.124740,0.008053);(-0.124740,0.008053);(0.064812,0.106885);(0.064812,0.106885);(0.064812,0.106885);(0.064812,0.106885);(0.064812,0.106885);(0.064812,0.106885);(0.064812,0.106885);(0.064812,0.106885);(0.064812,-0.106885);(0.064812,-0.106885);(0.064812,-0.106885);(0.064812,-0.106885);(0.064812,-0.106885);(0.064812,-0.106885);(0.064812,-0.106885);(0.064812,-0.106885);(-0.124740,-0.008053);(-0.124740,-0.008053);(-0.124740,-0.008053);(-0.124740,-0.008053);(-0.124740,-0.008053);(-0.124740,-0.008053);(-0.124740,-0.008053);(-0.124740,-0.008053);(0.050531,0.114331);(0.050531,0.114331);(0.050531,0.114331);(0.050531,0.114331);(0.050531,0.114331);(0.050531,0.114331);(0.050531,0.114331);(0.050531,0.114331);(0.078017,-0.097665);(0.078017,-0.097665);(0.078017,-0.097665);(0.078017,-0.097665);(0.078017,-0.097665);(0.078017,-0.097665);(0.078017,-0.097665);(0.078017,-0.097665)
(-0.123057,-0.021951);(-0.108769,0.061598);(-0.044467,0.116823);(0.040282,0.118331);(0.106509,0.065428);(0.123760,-0.017560);(0.084105,-0.092474);(0.005776,-0.124866);(0.037429,0.119265);(0.104907,0.067968);(0.124147,-0.014582);(0.086302,-0.090427);(0.008774,-0.124692);(-0.072789,-0.101621);(-0.120881,-0.031823);(-0.113391,0.052608);(0.088449,-0.088328);(0.011766,-0.124445);(-0.070327,-0.103340);(-0.120082,-0.034717);(-0.114622,0.049869);(-0.056456,0.111525);(0.027669,0.121899);(0.099071,0.076222);(-0.119214,-0.037592);(-0.115786,0.047101);(-0.059118,0.110136);(0.024733,0.122529);(0.097212,0.078580);(0.124991,-0.001501);(0.095297,-0.080892);(0.021783,-0.123087);(0.021783,0.123087);(0.095297,0.080892);(0.124991,0.001501);(0.097212,-0.078580);(0.024733,-0.122529);(-0.059118,-0.110136);(-0.115786,-0.047101);(-0.119214,0.037592);(0.099071,-0.076222);(0.027669,-0.121899);(-0.056456,-0.111525);(-0.114622,-0.049869);(-0.120082,0.034717);(-0.070327,0.103340);(0.011766,0.124445);(0.088449,0.088328);(-0.113391,-0.052608);(-0.120881,0.031823);(-0.072789,0.101621);(0.008774,0.124692);(0.086302,0.090427);(0.124147,0.014582);(0.104907,-0.067968);(0.037429,-0.119265);(0.005776,0.124866);(0.084105,0.092474);(0.123760,0.017560);(0.106509,-0.065428);(0.040282,-0.118331);(-0.044467,-0.116823);(-0.108769,-0.061598);(-0.123057,0.021951)
(0.102598,-0.071405);(-0.048962,-0.115012);(-0.122584,0.024458);(-0.001076,0.124995);(0.122145,0.026564);(0.050934,-0.114152);(-0.101354,-0.073160);(-0.092306,0.084289);(-0.110749,-0.057962);(-0.079345,0.096588);(0.078361,0.097389);(0.111332,-0.056835);(-0.032916,-0.120588);(-0.124768,0.007612);(-0.018013,0.123695);(0.117415,0.042879);(-0.000193,0.125000);(0.122329,0.025701);(0.050126,-0.114509);(-0.101868,-0.072442);(-0.091708,0.084939);(0.064434,0.107114);(0.118010,-0.041216);(-0.016263,-0.123938);(0.110927,-0.057620);(-0.033768,-0.120353);(-0.124711,0.008493);(-0.017138,0.123820);(0.117715,0.042049);(0.065189,-0.106656);(-0.091106,-0.085585);(-0.102378,0.071721);(-0.102378,-0.071721);(-0.091106,0.085585);(0.065189,0.106656);(0.117715,-0.042049);(-0.017138,-0.123820);(-0.124711,-0.008493);(-0.033768,0.120353);(0.110927,0.057620);(-0.016263,0.123938);(0.118010,0.041216);(0.064434,-0.107114);(-0.091708,-0.084939);(-0.101868,0.072442);(0.050126,0.114509);(0.122329,-0.025701);(-0.000193,-0.125000);(0.117415,-0.042879);(-0.018013,-0.123695);(-0.124768,-0.007612);(-0.032916,0.120588);(0.111332,0.056835);(0.078361,-0.097389);(-0.079345,-0.096588);(-0.110749,0.057962);(-0.092306,-0.084289);(-0.101354,0.073160);(0.050934,0.114152);(0.122145,-0.026564);(-0.001076,-0.124995);(-0.122584,-0.024458);(-0.048962,0.115012);(0.102598,0.071405)
(-0.054117,0.112678);(0.124411,-0.012125);(-0.074856,-0.100108);(-0.046809,0.115905);(0.123382,-0.020048);(-0.081098,-0.095122);(-0.039310,0.118658);(0.121849,-0.027888);(0.124932,-0.004108);(-0.068270,-0.104710);(-0.054158,0.112658);(0.124415,-0.012080);(-0.074819,-0.100135);(-0.046851,0.115888);(0.123389,-0.020003);(-0.081063,-0.095151);(-0.061403,-0.108879);(-0.061284,0.108946);(0.124934,-0.004063);(-0.068232,-0.104735);(-0.054199,0.112638);(0.124419,-0.012035);(-0.074783,-0.100162);(-0.046894,0.115871);(-0.068156,0.104784);(0.124937,0.003972);(-0.061363,-0.108902);(-0.061323,0.108924);(0.124935,-0.004017);(-0.068194,-0.104760);(-0.054240,0.112619);(0.124424,-0.011990);(0.124424,0.011990);(-0.054240,-0.112619);(-0.068194,0.104760);(0.124935,0.004017);(-0.061323,-0.108924);(-0.061363,0.108902);(0.124937,-0.003972);(-0.068156,-0.104784);(-0.046894,-0.115871);(-0.074783,0.100162);(0.124419,0.012035);(-0.054199,-0.112638);(-0.068232,0.104735);(0.124934,0.004063);(-0.061284,-0.108946);(-0.061403,0.108879);(-0.081063,0.095151);(0.123389,0.020003);(-0.046851,-0.115888);(-0.074819,0.100135);(0.124415,0.012080);(-0.054158,-0.112658);(-0.068270,0.104710);(0.124932,0.004108);(0.121849,0.027888);(-0.039310,-0.118658);(-0.081098,0.095122);(0.123382,0.020048);(-0.046809,-0.115905);(-0.074856,0.100108);(0.124411,0.012125);(-0.054117,-0.112678)
(0.005776,-0.124866);(0.084105,-0.092474);(0.123760,-0.017560);(0.106509,0.065428);(0.040282,0.118331);(-0.044467,0.116823);(-0.108769,0.061598);(-0.123057,-0.021951);(-0.113391,0.052608);(-0.120881,-0.031823);(-0.072789,-0.101621);(0.008774,-0.124692);(0.086302,-0.090427);(0.124147,-0.014582);(0.104907,0.067968);(0.037429,0.119265);(0.099071,0.076222);(0.027669,0.121899);(-0.056456,0.111525);(-0.114622,0.049869);(-0.120082,-0.034717);(-0.070327,-0.103340);(0.011766,-0.124445);(0.088449,-0.088328);(0.021783,-0.123087);(0.095297,-0.080892);(0.124991,-0.001501);(0.097212,0.078580);(0.024733,0.122529);(-0.059118,0.110136);(-0.115786,0.047101);(-0.119214,-0.037592);(-0.119214,0.037592);(-0.115786,-0.047101);(-0.059118,-0.110136);(0.024733,-0.122529);(0.097212,-0.078580);(0.124991,0.001501);(0.095297,0.080892);(0.021783,0.123087);(0.088449,0.088328);(0.011766,0.124445);(-0.070327,0.103340);(-0.120082,0.034717);(-0.114622,-0.049869);(-0.056456,-0.111525);(0.027669,-0.121899);(0.099071,-0.076222);(0.037429,-0.119265);(0.104907,-0.067968);(0.124147,0.014582);(0.086302,0.090427);(0.008774,0.124692);(-0.072789,0.101621);(-0.120881,0.031823);(-0.113391,-0.052608);(-0.123057,0.021951);(-0.108769,-0.061598);(-0.044467,-0.116823);(0.040282,-0.118331);(0.106509,-0.065428);(0.123760,0.017560);(0.084105,0.092474);(0.005776,0.124866)
(-0.092306,0.084289);(-0.101354,-0.073160);(0.050934,-0.114152);(0.122145,0.026564);(-0.001076,0.124995);(-0.122584,0.024458);(-0.048962,-0.115012);(0.102598,-0.071405);(0.117415,0.042879);(-0.018013,0.123695);(-0.124768,0.007612);(-0.032916,-0.120588);(0.111332,-0.056835);(0.078361,0.097389);(-0.079345,0.096588);(-0.110749,-0.057962);(-0.016263,-0.123938);(0.118010,-0.041216);(0.064434,0.107114);(-0.091708,0.084939);(-0.101868,-0.072442);(0.050126,-0.114509);(0.122329,0.025701);(-0.000193,0.125000);(-0.102378,0.071721);(-0.091106,-0.085585);(0.065189,-0.106656);(0.117715,0.042049);(-0.017138,0.123820);(-0.124711,0.008493);(-0.033768,-0.120353);(0.110927,-0.057620);(0.110927,0.057620);(-0.033768,0.120353);(-0.124711,-0.008493);(-0.017138,-0.123820);(0.117715,-0.042049);(0.065189,0.106656);(-0.091106,0.085585);(-0.102378,-0.071721);(-0.000193,-0.125000);(0.122329,-0.025701);(0.050126,0.114509);(-0.101868,0.072442);(-0.091708,-0.084939);(0.064434,-0.107114);(0.118010,0.041216);(-0.016263,0.123938);(-0.110749,0.057962);(-0.079345,-0.096588);(0.078361,-0.097389);(0.111332,0.056835);(-0.032916,0.120588);(-0.124768,-0.007612);(-0.018013,-0.123695);(0.117415,-0.042879);(0.102598,0.071405);(-0.048962,0.115012);(-0.122584,-0.024458);(-0.001076,-0.124995);(0.122145,-0.026564);(0.050934,0.114152);(-0.101354,0.073160);(-0.092306,-0.084289)
(0.121849,-0.027888);(-0.039310,0.118658);(-0.081098,-0.095122);(0.123382,-0.020048);(-0.046809,0.115905);(-0.074856,-0.100108);(0.124411,-0.012125);(-0.054117,0.112678);(-0.081063,-0.095151);(0.123389,-0.020003);(-0.046851,0.115888);(-0.074819,-0.100135);(0.124415,-0.012080);(-0.054158,0.112658);(-0.068270,-0.104710);(0.124932,-0.004108);(-0.046894,0.115871);(-0.074783,-0.100162);(0.124419,-0.012035);(-0.054199,0.112638);(-0.068232,-0.104735);(0.124934,-0.004063);(-0.061284,0.108946);(-0.061403,-0.108879);(0.124424,-0.011990);(-0.054240,0.112619);(-0.068194,-0.104760);(0.124935,-0.004017);(-0.061323,0.108924);(-0.061363,-0.108902);(0.124937,0.003972);(-0.068156,0.104784);(-0.068156,-0.104784);(0.124937,-0.003972);(-0.061363,0.108902);(-0.061323,-0.108924);(0.124935,0.004017);(-0.068194,0.104760);(-0.054240,-0.112619);(0.124424,0.011990);(-0.061403,0.108879);(-0.061284,-0.108946);(0.124934,0.004063);(-0.068232,0.104735);(-0.054199,-0.112638);(0.124419,0.012035);(-0.074783,0.100162);(-0.046894,-0.115871);(0.124932,0.004108);(-0.068270,0.104710);(-0.054158,-0.112658);(0.124415,0.012080);(-0.074819,0.100135);(-0.046851,-0.115888);(0.123389,0.020003);(-0.081063,0.095151);(-0.054117,-0.112678);(0.124411,0.012125);(-0.074856,0.100108);(-0.046809,-0.115905);(0.123382,0.020048);(-0.081098,0.095122);(-0.039310,-0.118658);(0.121849,0.027888)
(-0.122255,-0.026054);(-0.122255,-0.026054);(-0.122255,-0.026054);(-0.122255,-0.026054);(-0.122255,-0.026054);(-0.122255,-0.026054);(-0.122255,-0.026054);(-0.122255,-0.026054);(0.103253,0.070454);(0.103253,0.070454);(0.103253,0.070454);(0.103253,0.070454);(0.103253,0.070454);(0.103253,0.070454);(0.103253,0.070454);(0.103253,0.070454);(-0.068838,-0.104337);(-0.068838,-0.104337);(-0.068838,-0.104337);(-0.068838,-0.104337);(-0.068838,-0.104337);(-0.068838,-0.104337);(-0.068838,-0.104337);(-0.068838,-0.104337);(0.024148,0.122645);(0.024148,0.122645);(0.024148,0.122645);(0.024148,0.122645);(0.024148,0.122645);(0.024148,0.122645);(0.024148,0.122645);(0.024148,0.122645);(0.024148,-0.122645);(0.024148,-0.122645);(0.024148,-0.122645);(0.024148,-0.122645);(0.024148,-0.122645);(0.024148,-0.122645);(0.024148,-0.122645);(0.024148,-0.122645);(-0.068838,0.104337);(-0.068838,0.104337);(-0.068838,0.104337);(-0.068838,0.104337);(-0.068838,0.104337);(-0.068838,0.104337);(-0.068838,0.104337);(-0.068838,0.104337);(0.103253,-0.070454);(0.103253,-0.070454);(0.103253,-0.070454);(0.103253,-0.070454);(0.103253,-0.070454);(0.103253,-0.070454);(0.103253,-0.070454);(0.103253,-0.070454);(-0.122255,0.026054);(-0.122255,0.026054);(-0.122255,0.026054);(-0.122255,0.026054);(-0.122255,0.026054);(-0.122255,0.026054);(-0.122255,0.026054);(-0.122255,0.026054)
(0.106572,-0.065326);(0.041733,-0.117828);(-0.041696,-0.117841);(-0.106552,-0.065359);(-0.123941,0.016239);(-0.086118,0.090602);(-0.009932,0.124605);(0.070679,0.103099);(-0.123382,0.020050);(-0.083285,0.093213);(-0.006087,0.124852);(0.073822,0.100873);(0.120846,0.031958);(0.114036,-0.051194);(0.056426,-0.111540);(-0.026320,-0.122198);(0.121773,0.028219);(0.112404,-0.054683);(0.052962,-0.113225);(-0.030073,-0.121329);(-0.099711,-0.075383);(-0.124931,0.004143);(-0.094498,0.081824);(-0.021968,0.123055);(-0.101987,-0.072275);(-0.124744,0.007991);(-0.091932,0.084697);(-0.018166,0.123673);(0.063692,0.107556);(0.117177,0.043526);(0.118463,-0.039894);(0.066976,-0.105542);(0.066976,0.105542);(0.118463,0.039894);(0.117177,-0.043526);(0.063692,-0.107556);(-0.018166,-0.123673);(-0.091932,-0.084697);(-0.124744,-0.007991);(-0.101987,0.072275);(-0.021968,-0.123055);(-0.094498,-0.081824);(-0.124931,-0.004143);(-0.099711,0.075383);(-0.030073,0.121329);(0.052962,0.113225);(0.112404,0.054683);(0.121773,-0.028219);(-0.026320,0.122198);(0.056426,0.111540);(0.114036,0.051194);(0.120846,-0.031958);(0.073822,-0.100873);(-0.006087,-0.124852);(-0.083285,-0.093213);(-0.123382,-0.020050);(0.070679,-0.103099);(-0.009932,-0.124605);(-0.086118,-0.090602);(-0.123941,-0.016239);(-0.106552,0.065359);(-0.041696,0.117841);(0.041733,0.117828);(0.106572,0.065326)
(-0.046359,0.116085);(0.106186,0.065951);(0.083509,-0.093012);(-0.076970,-0.098492);(-0.110438,0.058554);(0.038332,0.118978);(0.123848,-0.016928);(0.004997,-0.124900);(0.086905,-0.089847);(-0.073259,-0.101282);(-0.112536,0.054413);(0.033888,0.120319);(0.124392,-0.012318);(0.009632,-0.124628);(-0.121022,-0.031284);(-0.051972,0.113683);(-0.114478,0.050196);(0.029397,0.121494);(0.124763,-0.007691);(0.014253,-0.124185);(-0.119777,-0.035756);(-0.056158,0.111675);(0.100130,0.074827);(0.091189,-0.085496);(0.124963,-0.003053);(0.018854,-0.123570);(-0.118367,-0.040179);(-0.060265,0.109513);(0.097282,0.078493);(0.094300,-0.082051);(-0.064290,-0.107200);(-0.116793,0.044547);(-0.116793,-0.044547);(-0.064290,0.107200);(0.094300,0.082051);(0.097282,-0.078493);(-0.060265,-0.109513);(-0.118367,0.040179);(0.018854,0.123570);(0.124963,0.003053);(0.091189,0.085496);(0.100130,-0.074827);(-0.056158,-0.111675);(-0.119777,0.035756);(0.014253,0.124185);(0.124763,0.007691);(0.029397,-0.121494);(-0.114478,-0.050196);(-0.051972,-0.113683);(-0.121022,0.031284);(0.009632,0.124628);(0.124392,0.012318);(0.033888,-0.120319);(-0.112536,-0.054413);(-0.073259,0.101282);(0.086905,0.089847);(0.004997,0.124900);(0.123848,0.016928);(0.038332,-0.118978);(-0.110438,-0.058554);(-0.076970,0.098492);(0.083509,0.093012);(0.106186,-0.065951);(-0.046359,-0.116085)
(0.070679,0.103099);(-0.009932,0.124605);(-0.086118,0.090602);(-0.123941,0.016239);(-0.106552,-0.065359);(-0.041696,-0.117841);(0.041733,-0.117828);(0.106572,-0.065326);(-0.026320,-0.122198);(0.056426,-0.111540);(0.114036,-0.051194);(0.120846,0.031958);(0.073822,0.100873);(-0.006087,0.124852);(-0.083285,0.093213);(-0.123382,0.020050);(-0.021968,0.123055);(-0.094498,0.081824);(-0.124931,0.004143);(-0.099711,-0.075383);(-0.030073,-0.121329);(0.052962,-0.113225);(0.112404,-0.054683);(0.121773,0.028219);(0.066976,-0.105542);(0.118463,-0.039894);(0.117177,0.043526);(0.063692,0.107556);(-0.018166,0.123673);(-0.091932,0.084697);(-0.124744,0.007991);(-0.101987,-0.072275);(-0.101987,0.072275);(-0.124744,-0.007991);(-0.091932,-0.084697);(-0.018166,-0.123673);(0.063692,-0.107556);(0.117177,-0.043526);(0.118463,0.039894);(0.066976,0.105542);(0.121773,-0.028219);(0.112404,0.054683);(0.052962,0.113225);(-0.030073,0.121329);(-0.099711,0.075383);(-0.124931,-0.004143);(-0.094498,-0.081824);(-0.021968,-0.123055);(-0.123382,-0.020050);(-0.083285,-0.093213);(-0.006087,-0.124852);(0.073822,-0.100873);(0.120846,-0.031958);(0.114036,0.051194);(0.056426,0.111540);(-0.026320,0.122198);(0.106572,0.065326);(0.041733,0.117828);(-0.041696,0.117841);(-0.106552,0.065359);(-0.123941,-0.016239);(-0.086118,-0.090602);(-0.009932,-0.124605);(0.070679,-0.103099)
(0.004997,-0.124900);(0.123848,-0.016928);(0.038332,0.118978);(-0.110438,0.058554);(-0.076970,-0.098492);(0.083509,-0.093012);(0.106186,0.065951);(-0.046359,0.116085);(-0.051972,0.113683);(-0.121022,-0.031284);(0.009632,-0.124628);(0.124392,-0.012318);(0.033888,0.120319);(-0.112536,0.054413);(-0.073259,-0.101282);(0.086905,-0.089847);(0.091189,-0.085496);(0.100130,0.074827);(-0.056158,0.111675);(-0.119777,-0.035756);(0.014253,-0.124185);(0.124763,-0.007691);(0.029397,0.121494);(-0.114478,0.050196);(-0.116793,0.044547);(-0.064290,-0.107200);(0.094300,-0.082051);(0.097282,0.078493);(-0.060265,0.109513);(-0.118367,-0.040179);(0.018854,-0.123570);(0.124963,-0.003053);(0.124963,0.003053);(0.018854,0.123570);(-0.118367,0.040179);(-0.060265,-0.109513);(0.097282,-0.078493);(0.094300,0.082051);(-0.064290,0.107200);(-0.116793,-0.044547);(-0.114478,-0.050196);(0.029397,-0.121494);(0.124763,0.007691);(0.014253,0.124185);(-0.119777,0.035756);(-0.056158,-0.111675);(0.100130,-0.074827);(0.091189,0.085496);(0.086905,0.089847);(-0.073259,0.101282);(-0.112536,-0.054413);(0.033888,-0.120319);(0.124392,0.012318);(0.009632,0.124628);(-0.121022,0.031284);(-0.051972,-0.113683);(-0.046359,-0.116085);(0.106186,-0.065951);(0.083509,0.093012);(-0.076970,0.098492);(-0.110438,-0.058554);(0.038332,-0.118978);(0.123848,0.016928);(0.004997,0.124900)
(0.000000,-0.125000);(0.000000,-0.125000);(0.000000,-0.125000);(0.000000,-0.125000);(0.000000,-0.125000);(0.000000,-0.125000);(0.000000,-0.125000);(0.000000,-0.125000);(0.000000,0.125000);(0.000000,0.125000);(0.000000,0.125000);(0.000000,0.125000);(0.000000,0.125000);(0.000000,0.125000);(0.000000,0.125000);(0.000000,0.125000);(-0.000000,-0.125000);(-0.000000,-0.125000);(-0.000000,-0.125000);(-0.000000,-0.125000);(-0.000000,-0.125000);(-0.000000,-0.125000);(-0.000000,-0.125000);(-0.000000,-0.125000);(0.000000,0.125000);(0.000000,0.125000);(0.000000,0.125000);(0.000000,0.125000);(0.000000,0.125000);(0.000000,0.125000);(0.000000,0.125000);(0.000000,0.125000);(0.000000,-0.125000);(0.000000,-0.125000);(0.000000,-0.125000);(0.000000,-0.125000);(0.000000,-0.125000);(0.000000,-0.125000);(0.000000,-0.125000);(0.000000,-0.125000);(-0.000000,0.125000);(-0.000000,0.125000);(-0.000000,0.125000);(-0.000000,0.125000);(-0.000000,0.125000);(-0.000000,0.125000);(-0.000000,0.125000);(-0.000000,0.125000);(0.000000,-0.125000);(0.000000,-0.125000);(0.000000,-0.125000);(0.000000,-0.125000);(0.000000,-0.125000);(0.000000,-0.125000);(0.000000,-0.125000);(0.000000,-0.125000);(0.000000,0.125000);(0.000000,0.125000);(0.000000,0.125000);(0.000000,0.125000);(0.000000,0.125000);(0.000000,0.125000);(0.000000,0.125000);(0.000000,0.125000)
(-0.094888,-0.081372);(-0.094888,-0.081372);(-0.094888,-0.081372);(-0.094888,-0.081372);(-0.094888,-0.081372);(-0.094888,-0.081372);(-0.094888,-0.081372);(-0.094888,-0.081372);(-0.020762,-0.123264);(-0.020762,-0.123264);(-0.020762,-0.123264);(-0.020762,-0.123264);(-0.020762,-0.123264);(-0.020762,-0.123264);(-0.020762,-0.123264);(-0.020762,-0.123264);(0.062997,-0.107964);(0.062997,-0.107964);(0.062997,-0.107964);(0.062997,-0.107964);(0.062997,-0.107964);(0.062997,-0.107964);(0.062997,-0.107964);(0.062997,-0.107964);(0.117527,-0.042572);(0.117527,-0.042572);(0.117527,-0.042572);(0.117527,-0.042572);(0.117527,-0.042572);(0.117527,-0.042572);(0.117527,-0.042572);(0.117527,-0.042572);(0.117527,0.042572);(0.117527,0.042572);(0.117527,0.042572);(0.117527,0.042572);(0.117527,0.042572);(0.117527,0.042572);(0.117527,0.042572);(0.117527,0.042572);(0.062997,0.107964);(0.062997,0.107964);(0.062997,0.107964);(0.062997,0.107964);(0.062997,0.107964);(0.062997,0.107964);(0.062997,0.107964);(0.062997,0.107964);(-0.020762,0.123264);(-0.020762,0.123264);(-0.020762,0.123264);(-0.020762,0.123264);(-0.020762,0.123264);(-0.020762,0.123264);(-0.020762,0.123264);(-0.020762,0.123264);(-0.094888,0.081372);(-0.094888,0.081372);(-0.094888,0.081372);(-0.094888,0.081372);(-0.094888,0.081372);(-0.094888,0.081372);(-0.094888,0.081372);(-0.094888,0.081372)
(0.125000,-0.000100);(0.095956,-0.080109);(0.022419,-0.122973);(-0.061514,-0.108817);(-0.116923,-0.044204);(-0.118117,0.040906);(-0.064542,0.107048);(0.018960,0.123554);(0.096065,0.079978);(0.125000,-0.000071);(0.095974,-0.080087);(0.022447,-0.122968);(-0.061489,-0.108831);(-0.116913,-0.044230);(-0.118127,0.040879);(-0.064567,0.107033);(0.022559,0.122948);(0.096047,0.080000);(0.125000,-0.000043);(0.095992,-0.080065);(0.022475,-0.122963);(-0.061464,-0.108845);(-0.116903,-0.044257);(-0.118136,0.040852);(-0.061415,0.108873);(0.022531,0.122953);(0.096029,0.080022);(0.125000,-0.000014);(0.096011,-0.080043);(0.022503,-0.122958);(-0.061439,-0.108859);(-0.116893,-0.044283);(-0.116893,0.044283);(-0.061439,0.108859);(0.022503,0.122958);(0.096011,0.080043);(0.125000,0.000014);(0.096029,-0.080022);(0.022531,-0.122953);(-0.061415,-0.108873);(-0.118136,-0.040852);(-0.116903,0.044257);(-0.061464,0.108845);(0.022475,0.122963);(0.095992,0.080065);(0.125000,0.000043);(0.096047,-0.080000);(0.022559,-0.122948);(-0.064567,-0.107033);(-0.118127,-0.040879);(-0.116913,0.044230);(-0.061489,0.108831);(0.022447,0.122968);(0.095974,0.080087);(0.125000,0.000071);(0.096065,-0.079978);(0.018960,-0.123554);(-0.064542,-0.107048);(-0.118117,-0.040906);(-0.116923,0.044204);(-0.061514,0.108817);(0.022419,0.122973);(0.095956,0.080109);(0.125000,0.000100)
(-0.091777,0.084864);(0.065860,0.106242);(0.116829,-0.044451);(-0.021420,-0.123151);(-0.124977,-0.002393);(-0.026119,0.122241);(0.115042,0.048891);(0.069879,-0.103643);(-0.124836,0.006399);(-0.017460,0.123775);(0.118195,0.040682);(0.062419,-0.108300);(-0.094451,-0.081878);(-0.098347,0.077155);(0.057042,0.111226);(0.120045,-0.034846);(-0.099974,-0.075035);(-0.092679,0.083878);(0.064720,0.106940);(0.117298,-0.043200);(-0.020102,-0.123373);(-0.124944,-0.003729);(-0.027424,0.121955);(0.114513,0.050118);(-0.028726,-0.121654);(-0.124897,0.005065);(-0.018782,0.123581);(0.117753,0.041944);(0.063574,-0.107626);(-0.093571,-0.082883);(-0.099166,0.076099);(0.055849,0.111830);(0.055849,-0.111830);(-0.099166,-0.076099);(-0.093571,0.082883);(0.063574,0.107626);(0.117753,-0.041944);(-0.018782,-0.123581);(-0.124897,-0.005065);(-0.028726,0.121654);(0.114513,-0.050118);(-0.027424,-0.121955);(-0.124944,0.003729);(-0.020102,0.123373);(0.117298,0.043200);(0.064720,-0.106940);(-0.092679,-0.083878);(-0.099974,0.075035);(0.120045,0.034846);(0.057042,-0.111226);(-0.098347,-0.077155);(-0.094451,0.081878);(0.062419,0.108300);(0.118195,-0.040682);(-0.017460,-0.123775);(-0.124836,-0.006399);(0.069879,0.103643);(0.115042,-0.048891);(-0.026119,-0.122241);(-0.124977,0.002393);(-0.021420,0.123151);(0.116829,0.044451);(0.065860,-0.106242);(-0.091777,-0.084864)
(0.003064,-0.124962);(-0.112384,0.054726);(0.100264,0.074647);(0.020199,-0.123357);(-0.118835,0.038771);(0.089061,0.087711);(0.036951,-0.119414);(-0.123034,0.022080);(0.082383,-0.094011);(-0.121360,-0.029944);(0.029198,0.121542);(0.094515,-0.081804);(-0.116097,-0.046330);(0.012227,0.124401);(0.104856,-0.068046);(-0.108633,-0.061837);(0.123479,-0.019440);(-0.074029,-0.100721);(-0.055416,0.112045);(0.124979,-0.002295);(-0.059493,-0.109935);(-0.070280,0.103372);(0.124110,0.014893);(-0.043829,-0.117064);(0.107284,0.064150);(0.007650,-0.124766);(-0.114317,0.050562);(0.097455,0.078278);(0.024715,-0.122532);(-0.120179,0.034381);(0.085780,0.090922);(0.041311,-0.117976);(0.041311,0.117976);(0.085780,-0.090922);(-0.120179,-0.034381);(0.024715,0.122532);(0.097455,-0.078278);(-0.114317,-0.050562);(0.007650,0.124766);(0.107284,-0.064150);(-0.043829,0.117064);(0.124110,-0.014893);(-0.070280,-0.103372);(-0.059493,0.109935);(0.124979,0.002295);(-0.055416,-0.112045);(-0.074029,0.100721);(0.123479,0.019440);(-0.108633,0.061837);(0.104856,0.068046);(0.012227,-0.124401);(-0.116097,0.046330);(0.094515,0.081804);(0.029198,-0.121542);(-0.121360,0.029944);(0.082383,0.094011);(-0.123034,-0.022080);(0.036951,0.119414);(0.089061,-0.087711);(-0.118835,-0.038771);(0.020199,0.123357);(0.100264,-0.074647);(-0.112384,-0.054726);(0.003064,0.124962)
(0.060211,0.109543);(-0.019477,-0.123473);(-0.023568,0.122758);(0.063816,-0.107482);(-0.096496,0.079458);(0.117730,-0.042009);(-0.124999,-0.000423);(0.117442,0.042805);(-0.023912,0.122691);(0.064118,-0.107303);(-0.096719,0.079186);(0.117847,-0.041678);(-0.124998,-0.000775);(0.117322,0.043135);(-0.095730,-0.080379);(0.062783,0.108089);(-0.096941,0.078914);(0.117964,-0.041346);(-0.124995,-0.001126);(0.117200,0.043465);(-0.095504,-0.080648);(0.062479,0.108265);(-0.022044,-0.123041);(-0.021006,0.123222);(-0.124991,-0.001477);(0.117077,0.043794);(-0.095276,-0.080916);(0.062175,0.108440);(-0.021698,-0.123102);(-0.021352,0.123163);(0.061870,-0.108615);(-0.095049,0.081183);(-0.095049,-0.081183);(0.061870,0.108615);(-0.021352,-0.123163);(-0.021698,0.123102);(0.062175,-0.108440);(-0.095276,0.080916);(0.117077,-0.043794);(-0.124991,0.001477);(-0.021006,-0.123222);(-0.022044,0.123041);(0.062479,-0.108265);(-0.095504,0.080648);(0.117200,-0.043465);(-0.124995,0.001126);(0.117964,0.041346);(-0.096941,-0.078914);(0.062783,-0.108089);(-0.095730,0.080379);(0.117322,-0.043135);(-0.124998,0.000775);(0.117847,0.041678);(-0.096719,-0.079186);(0.064118,0.107303);(-0.023912,-0.122691);(0.117442,-0.042805);(-0.124999,0.000423);(0.117730,0.042009);(-0.096496,-0.079458);(0.063816,0.107482);(-0.023568,-0.122758);(-0.019477,0.123473);(0.060211,-0.109543)
(0.018960,0.123554);(-0.064542,0.107048);(-0.118117,0.040906);(-0.116923,-0.044204);(-0.061514,-0.108817);(0.022419,-0.122973);(0.095956,-0.080109);(0.125000,-0.000100);(-0.064567,0.107033);(-0.118127,0.040879);(-0.116913,-0.044230);(-0.061489,-0.108831);(0.022447,-0.122968);(0.095974,-0.080087);(0.125000,-0.000071);(0.096065,0.079978);(-0.118136,0.040852);(-0.116903,-0.044257);(-0.061464,-0.108845);(0.022475,-0.122963);(0.095992,-0.080065);(0.125000,-0.000043);(0.096047,0.080000);(0.022559,0.122948);(-0.116893,-0.044283);(-0.061439,-0.108859);(0.022503,-0.122958);(0.096011,-0.080043);(0.125000,-0.000014);(0.096029,0.080022);(0.022531,0.122953);(-0.061415,0.108873);(-0.061415,-0.108873);(0.022531,-0.122953);(0.096029,-0.080022);(0.125000,0.000014);(0.096011,0.080043);(0.022503,0.122958);(-0.061439,0.108859);(-0.116893,0.044283);(0.022559,-0.122948);(0.096047,-0.080000);(0.125000,0.000043);(0.095992,0.080065);(0.022475,0.122963);(-0.061464,0.108845);(-0.116903,0.044257);(-0.118136,-0.040852);(0.096065,-0.079978);(0.125000,0.000071);(0.095974,0.080087);(0.022447,0.122968);(-0.061489,0.108831);(-0.116913,0.044230);(-0.118127,-0.040879);(-0.064567,-0.107033);(0.125000,0.000100);(0.095956,0.080109);(0.022419,0.122973);(-0.061514,0.108817);(-0.116923,0.044204);(-0.118117,-0.040906);(-0.064542,-0.107048);(0.018960,-0.123554)
(0.069879,-0.103643);(0.115042,0.048891);(-0.026119,0.122241);(-0.124977,-0.002393);(-0.021420,-0.123151);(0.116829,-0.044451);(0.065860,0.106242);(-0.091777,0.084864);(0.120045,-0.034846);(0.057042,0.111226);(-0.098347,0.077155);(-0.094451,-0.081878);(0.062419,-0.108300);(0.118195,0.040682);(-0.017460,0.123775);(-0.124836,0.006399);(0.114513,0.050118);(-0.027424,0.121955);(-0.124944,-0.003729);(-0.020102,-0.123373);(0.117298,-0.043200);(0.064720,0.106940);(-0.092679,0.083878);(-0.099974,-0.075035);(0.055849,0.111830);(-0.099166,0.076099);(-0.093571,-0.082883);(0.063574,-0.107626);(0.117753,0.041944);(-0.018782,0.123581);(-0.124897,0.005065);(-0.028726,-0.121654);(-0.028726,0.121654);(-0.124897,-0.005065);(-0.018782,-0.123581);(0.117753,-0.041944);(0.063574,0.107626);(-0.093571,0.082883);(-0.099166,-0.076099);(0.055849,-0.111830);(-0.099974,0.075035);(-0.092679,-0.083878);(0.064720,-0.106940);(0.117298,0.043200);(-0.020102,0.123373);(-0.124944,0.003729);(-0.027424,-0.121955);(0.114513,-0.050118);(-0.124836,-0.006399);(-0.017460,-0.123775);(0.118195,-0.040682);(0.062419,0.108300);(-0.094451,0.081878);(-0.098347,-0.077155);(0.057042,-0.111226);(0.120045,0.034846);(-0.091777,-0.084864);(0.065860,-0.106242);(0.116829,0.044451);(-0.021420,0.123151);(-0.124977,0.002393);(-0.026119,-0.122241);(0.115042,-0.048891);(0.069879,0.103643)
(-0.123034,0.022080);(0.036951,-0.119414);(0.089061,0.087711);(-0.118835,0.038771);(0.020199,-0.123357);(0.100264,0.074647);(-0.112384,0.054726);(0.003064,-0.124962);(-0.108633,-0.061837);(0.104856,-0.068046);(0.012227,0.124401);(-0.116097,-0.046330);(0.094515,-0.081804);(0.029198,0.121542);(-0.121360,-0.029944);(0.082383,-0.094011);(-0.043829,-0.117064);(0.124110,0.014893);(-0.070280,0.103372);(-0.059493,-0.109935);(0.124979,-0.002295);(-0.055416,0.112045);(-0.074029,-0.100721);(0.123479,-0.019440);(0.041311,-0.117976);(0.085780,0.090922);(-0.120179,0.034381);(0.024715,-0.122532);(0.097455,0.078278);(-0.114317,0.050562);(0.007650,-0.124766);(0.107284,0.064150);(0.107284,-0.064150);(0.007650,0.124766);(-0.114317,-0.050562);(0.097455,-0.078278);(0.024715,0.122532);(-0.120179,-0.034381);(0.085780,-0.090922);(0.041311,0.117976);(0.123479,0.019440);(-0.074029,0.100721);(-0.055416,-0.112045);(0.124979,0.002295);(-0.059493,0.109935);(-0.070280,-0.103372);(0.124110,-0.014893);(-0.043829,0.117064);(0.082383,0.094011);(-0.121360,0.029944);(0.029198,-0.121542);(0.094515,0.081804);(-0.116097,0.046330);(0.012227,-0.124401);(0.104856,0.068046);(-0.108633,0.061837);(0.003064,0.124962);(-0.112384,-0.054726);(0.100264,-0.074647);(0.020199,0.123357);(-0.118835,-0.038771);(0.089061,-0.087711);(0.036951,0.119414);(-0.123034,-0.022080)
(0.117442,0.042805);(-0.124999,-0.000423);(0.117730,-0.042009);(-0.096496,0.079458);(0.063816,-0.107482);(-0.023568,0.122758);(-0.019477,-0.123473);(0.060211,0.109543);(0.062783,0.108089);(-0.095730,-0.080379);(0.117322,0.043135);(-0.124998,-0.000775);(0.117847,-0.041678);(-0.096719,0.079186);(0.064118,-0.107303);(-0.023912,0.122691);(-0.021006,0.123222);(-0.022044,-0.123041);(0.062479,0.108265);(-0.095504,-0.080648);(0.117200,0.043465);(-0.124995,-0.001126);(0.117964,-0.041346);(-0.096941,0.078914);(-0.095049,0.081183);(0.061870,-0.108615);(-0.021352,0.123163);(-0.021698,-0.123102);(0.062175,0.108440);(-0.095276,-0.080916);(0.117077,0.043794);(-0.124991,-0.001477);(-0.124991,0.001477);(0.117077,-0.043794);(-0.095276,0.080916);(0.062175,-0.108440);(-0.021698,0.123102);(-0.021352,-0.123163);(0.061870,0.108615);(-0.095049,-0.081183);(-0.096941,-0.078914);(0.117964,0.041346);(-0.124995,0.001126);(0.117200,-0.043465);(-0.095504,0.080648);(0.062479,-0.108265);(-0.022044,0.123041);(-0.021006,-0.123222);(-0.023912,-0.122691);(0.064118,0.107303);(-0.096719,-0.079186);(0.117847,0.041678);(-0.124998,0.000775);(0.117322,-0.043135);(-0.095730,0.080379);(0.062783,-0.108089);(0.060211,-0.109543);(-0.019477,0.123473);(-0.023568,-0.122758);(0.063816,0.107482);(-0.096496,-0.079458);(0.117730,0.042009);(-0.124999,0.000423);(0.117442,-0.042805)
(0.014862,0.124113);(0.014862,0.124113);(0.014862,0.124113);(0.014862,0.124113);(0.014862,0.124113);(0.014862,0.124113);(0.014862,0.124113);(0.014862,0.124113);(-0.119060,0.038076);(-0.119060,0.038076);(-0.119060,0.038076);(-0.119060,0.038076);(-0.119060,0.038076);(-0.119060,0.038076);(-0.119060,0.038076);(-0.119060,0.038076);(-0.059915,-0.109705);(-0.059915,-0.109705);(-0.059915,-0.109705);(-0.059915,-0.109705);(-0.059915,-0.109705);(-0.059915,-0.109705);(-0.059915,-0.109705);(-0.059915,-0.109705);(0.096388,-0.079589);(0.096388,-0.079589);(0.096388,-0.079589);(0.096388,-0.079589);(0.096388,-0.079589);(0.096388,-0.079589);(0.096388,-0.079589);(0.096388,-0.079589);(0.096388,0.079589);(0.096388,0.079589);(0.096388,0.079589);(0.096388,0.079589);(0.096388,0.079589);(0.096388,0.079589);(0.096388,0.079589);(0.096388,0.079589);(-0.059915,0.109705);(-0.059915,0.109705);(-0.059915,0.109705);(-0.059915,0.109705);(-0.059915,0.109705);(-0.059915,0.109705);(-0.059915,0.109705);(-0.059915,0.109705);(-0.119060,-0.038076);(-0.119060,-0.038076);(-0.119060,-0.038076);(-0.119060,-0.038076);(-0.119060,-0.038076);(-0.119060,-0.038076);(-0.119060,-0.038076);(-0.119060,-0.038076);(0.014862,-0.124113);(0.014862,-0.124113);(0.014862,-0.124113);(0.014862,-0.124113);(0.014862,-0.124113);(0.014862,-0.124113);(0.014862,-0.124113);(0.014862,-0.124113)
(-0.092386,-0.084201);(-0.124873,-0.005631);(-0.099590,0.075544);(-0.028233,0.121770);(0.056186,0.111661);(0.114611,0.049894);(0.120013,-0.034956);(0.069893,-0.103634);(0.065201,-0.106648);(-0.018096,-0.123683);(-0.093022,-0.083498);(-0.124912,-0.004684);(-0.099014,0.076297);(-0.027308,0.121981);(0.057031,0.111232);(0.114986,0.049023);(0.117058,0.043846);(0.118025,-0.041170);(0.064390,-0.107140);(-0.019034,-0.123542);(-0.093653,-0.082790);(-0.124944,-0.003736);(-0.098432,0.077046);(-0.026382,0.122184);(-0.020906,0.123239);(0.062757,0.108104);(0.117387,0.042956);(0.117710,-0.042065);(0.063576,-0.107625);(-0.019971,-0.123394);(-0.094278,-0.082077);(-0.124969,-0.002788);(-0.124969,0.002788);(-0.094278,0.082077);(-0.019971,0.123394);(0.063576,0.107625);(0.117710,0.042065);(0.117387,-0.042956);(0.062757,-0.108104);(-0.020906,-0.123239);(-0.026382,-0.122184);(-0.098432,-0.077046);(-0.124944,0.003736);(-0.093653,0.082790);(-0.019034,0.123542);(0.064390,0.107140);(0.118025,0.041170);(0.117058,-0.043846);(0.114986,-0.049023);(0.057031,-0.111232);(-0.027308,-0.121981);(-0.099014,-0.076297);(-0.124912,0.004684);(-0.093022,0.083498);(-0.018096,0.123683);(0.065201,0.106648);(0.069893,0.103634);(0.120013,0.034956);(0.114611,-0.049894);(0.056186,-0.111661);(-0.028233,-0.121770);(-0.099590,-0.075544);(-0.124873,0.005631);(-0.092386,0.084201)
(0.124983,-0.002072);(0.022195,-0.123014);(-0.116378,-0.045620);(-0.067315,0.105327);(0.090280,0.086455);(0.102316,-0.071808);(-0.050612,-0.114295);(-0.121938,0.027496);(0.025681,0.122333);(0.124991,-0.001480);(0.022778,-0.122907);(-0.116160,-0.046171);(-0.067813,0.105007);(0.089870,0.086882);(0.102655,-0.071323);(-0.050070,-0.114534);(-0.115265,0.048363);(0.025102,0.122454);(0.124997,-0.000888);(0.023359,-0.122798);(-0.115940,-0.046721);(-0.068309,0.104685);(0.089457,0.087306);(0.102992,-0.070836);(-0.069298,-0.104033);(-0.115493,0.047817);(0.024521,0.122571);(0.125000,-0.000296);(0.023941,-0.122686);(-0.115718,-0.047269);(-0.068804,0.104360);(0.089043,0.087729);(0.089043,-0.087729);(-0.068804,-0.104360);(-0.115718,0.047269);(0.023941,0.122686);(0.125000,0.000296);(0.024521,-0.122571);(-0.115493,-0.047817);(-0.069298,0.104033);(0.102992,0.070836);(0.089457,-0.087306);(-0.068309,-0.104685);(-0.115940,0.046721);(0.023359,0.122798);(0.124997,0.000888);(0.025102,-0.122454);(-0.115265,-0.048363);(-0.050070,0.114534);(0.102655,0.071323);(0.089870,-0.086882);(-0.067813,-0.105007);(-0.116160,0.046171);(0.022778,0.122907);(0.124991,0.001480);(0.025681,-0.122333);(-0.121938,-0.027496);(-0.050612,0.114295);(0.102316,0.071808);(0.090280,-0.086455);(-0.067315,-0.105327);(-0.116378,0.045620);(0.022195,0.123014);(0.124983,0.002072)
(-0.083116,0.093363);(0.120763,0.032271);(-0.025465,-0.122379);(-0.097866,0.077764);(0.113460,0.052458);(-0.004150,-0.124931);(-0.109729,0.059871);(0.102810,0.071099);(-0.107402,-0.063951);(-0.008839,0.124687);(0.115350,-0.048159);(-0.094876,-0.081385);(-0.030044,0.121336);(0.121890,-0.027712);(-0.079551,-0.096419);(-0.050363,0.114405);(0.042475,-0.117562);(-0.124107,0.014911);(0.069114,0.104155);(0.061965,-0.108560);(-0.124829,-0.006545);(0.050273,0.114445);(0.079627,-0.096357);(-0.121868,-0.027808);(0.123475,0.019465);(-0.038123,-0.119045);(-0.089197,0.087572);(0.118323,0.040306);(-0.017191,-0.123812);(-0.102866,0.071018);(0.109682,0.059958);(0.004248,-0.124928);(0.004248,0.124928);(0.109682,-0.059958);(-0.102866,-0.071018);(-0.017191,0.123812);(0.118323,-0.040306);(-0.089197,-0.087572);(-0.038123,0.119045);(0.123475,-0.019465);(-0.121868,0.027808);(0.079627,0.096357);(0.050273,-0.114445);(-0.124829,0.006545);(0.061965,0.108560);(0.069114,-0.104155);(-0.124107,-0.014911);(0.042475,0.117562);(-0.050363,-0.114405);(-0.079551,0.096419);(0.121890,0.027712);(-0.030044,-0.121336);(-0.094876,0.081385);(0.115350,0.048159);(-0.008839,-0.124687);(-0.107402,0.063951);(0.102810,-0.071099);(-0.109729,-0.059871);(-0.004150,0.124931);(0.113460,-0.052458);(-0.097866,-0.077764);(-0.025465,0.122379);(0.120763,-0.032271);(-0.083116,-0.093363)
(-0.000007,-0.125000);(-0.050365,0.114404);(0.092197,-0.084408);(-0.118394,0.040099);(0.124514,0.011011);(-0.109520,-0.060253);(0.075953,0.099278);(-0.029507,-0.121468);(0.122741,-0.023657);(-0.121867,-0.027810);(0.100327,0.074561);(-0.061775,-0.108669);(0.012746,0.124348);(0.038444,-0.118941);(-0.083115,0.093365);(0.113691,-0.051955);(0.046453,0.116048);(0.004250,-0.124928);(-0.054233,0.112622);(0.095018,-0.081219);(-0.119691,0.036043);(0.124067,0.015246);(-0.107404,-0.063949);(0.072527,0.101807);(-0.105163,0.067570);(0.123476,-0.019463);(-0.120849,-0.031945);(0.097730,0.077935);(-0.058037,-0.110710);(0.008503,0.124710);(0.042473,-0.117563);(-0.086246,0.090480);(-0.086246,-0.090480);(0.042473,0.117563);(0.008503,-0.124710);(-0.058037,0.110710);(0.097730,-0.077935);(-0.120849,0.031945);(0.123476,0.019463);(-0.105163,-0.067570);(0.072527,-0.101807);(-0.107404,0.063949);(0.124067,-0.015246);(-0.119691,-0.036043);(0.095018,0.081219);(-0.054233,-0.112622);(0.004250,0.124928);(0.046453,-0.116048);(0.113691,0.051955);(-0.083115,-0.093365);(0.038444,0.118941);(0.012746,-0.124348);(-0.061775,0.108669);(0.100327,-0.074561);(-0.121867,0.027810);(0.122741,0.023657);(-0.029507,0.121468);(0.075953,-0.099278);(-0.109520,0.060253);(0.124514,-0.011011);(-0.118394,-0.040099);(0.092197,0.084408);(-0.050365,-0.114404);(-0.000007,0.125000)
(0.069893,-0.103634);(0.120013,-0.034956);(0.114611,0.049894);(0.056186,0.111661);(-0.028233,0.121770);(-0.099590,0.075544);(-0.124873,-0.005631);(-0.092386,-0.084201);(0.114986,0.049023);(0.057031,0.111232);(-0.027308,0.121981);(-0.099014,0.076297);(-0.124912,-0.004684);(-0.093022,-0.083498);(-0.018096,-0.123683);(0.065201,-0.106648);(-0.026382,0.122184);(-0.098432,0.077046);(-0.124944,-0.003736);(-0.093653,-0.082790);(-0.019034,-0.123542);(0.064390,-0.107140);(0.118025,-0.041170);(0.117058,0.043846);(-0.124969,-0.002788);(-0.094278,-0.082077);(-0.019971,-0.123394);(0.063576,-0.107625);(0.117710,-0.042065);(0.117387,0.042956);(0.062757,0.108104);(-0.020906,0.123239);(-0.020906,-0.123239);(0.062757,-0.108104);(0.117387,-0.042956);(0.117710,0.042065);(0.063576,0.107625);(-0.019971,0.123394);(-0.094278,0.082077);(-0.124969,0.002788);(0.117058,-0.043846);(0.118025,0.041170);(0.064390,0.107140);(-0.019034,0.123542);(-0.093653,0.082790);(-0.124944,0.003736);(-0.098432,-0.077046);(-0.026382,-0.122184);(0.065201,0.106648);(-0.018096,0.123683);(-0.093022,0.083498);(-0.124912,0.004684);(-0.099014,-0.076297);(-0.027308,-0.121981);(0.057031,-0.111232);(0.114986,-0.049023);(-0.092386,0.084201);(-0.124873,0.005631);(-0.099590,-0.075544);(-0.028233,-0.121770);(0.056186,-0.111661);(0.114611,-0.049894);(0.120013,0.034956);(0.069893,0.103634)
(-0.121938,0.027496);(-0.050612,-0.114295);(0.102316,-0.071808);(0.090280,0.086455);(-0.067315,0.105327);(-0.116378,-0.045620);(0.022195,-0.123014);(0.124983,-0.002072);(-0.050070,-0.114534);(0.102655,-0.071323);(0.089870,0.086882);(-0.067813,0.105007);(-0.116160,-0.046171);(0.022778,-0.122907);(0.124991,-0.001480);(0.025681,0.122333);(0.102992,-0.070836);(0.089457,0.087306);(-0.068309,0.104685);(-0.115940,-0.046721);(0.023359,-0.122798);(0.124997,-0.000888);(0.025102,0.122454);(-0.115265,0.048363);(0.089043,0.087729);(-0.068804,0.104360);(-0.115718,-0.047269);(0.023941,-0.122686);(0.125000,-0.000296);(0.024521,0.122571);(-0.115493,0.047817);(-0.069298,-0.104033);(-0.069298,0.104033);(-0.115493,-0.047817);(0.024521,-0.122571);(0.125000,0.000296);(0.023941,0.122686);(-0.115718,0.047269);(-0.068804,-0.104360);(0.089043,-0.087729);(-0.115265,-0.048363);(0.025102,-0.122454);(0.124997,0.000888);(0.023359,0.122798);(-0.115940,0.046721);(-0.068309,-0.104685);(0.089457,-0.087306);(0.102992,0.070836);(0.025681,-0.122333);(0.124991,0.001480);(0.022778,0.122907);(-0.116160,0.046171);(-0.067813,-0.105007);(0.089870,-0.086882);(0.102655,0.071323);(-0.050070,0.114534);(0.124983,0.002072);(0.022195,0.123014);(-0.116378,0.045620);(-0.067315,-0.105327);(0.090280,-0.086455);(0.102316,0.071808);(-0.050612,0.114295);(-0.121938,-0.027496)
(0.102810,0.071099);(-0.109729,0.059871);(-0.004150,-0.124931);(0.113460,0.052458);(-0.097866,0.077764);(-0.025465,-0.122379);(0.120763,0.032271);(-0.083116,0.093363);(-0.050363,0.114405);(-0.079551,-0.096419);(0.121890,-0.027712);(-0.030044,0.121336);(-0.094876,-0.081385);(0.115350,-0.048159);(-0.008839,0.124687);(-0.107402,-0.063951);(-0.121868,-0.027808);(0.079627,-0.096357);(0.050273,0.114445);(-0.124829,-0.006545);(0.061965,-0.108560);(0.069114,0.104155);(-0.124107,0.014911);(0.042475,-0.117562);(0.004248,-0.124928);(0.109682,0.059958);(-0.102866,0.071018);(-0.017191,-0.123812);(0.118323,0.040306);(-0.089197,0.087572);(-0.038123,-0.119045);(0.123475,0.019465);(0.123475,-0.019465);(-0.038123,0.119045);(-0.089197,-0.087572);(0.118323,-0.040306);(-0.017191,0.123812);(-0.102866,-0.071018);(0.109682,-0.059958);(0.004248,0.124928);(0.042475,0.117562);(-0.124107,-0.014911);(0.069114,-0.104155);(0.061965,0.108560);(-0.124829,0.006545);(0.050273,-0.114445);(0.079627,0.096357);(-0.121868,0.027808);(-0.107402,0.063951);(-0.008839,-0.124687);(0.115350,0.048159);(-0.094876,0.081385);(-0.030044,-0.121336);(0.121890,0.027712);(-0.079551,0.096419);(-0.050363,-0.114405);(-0.083116,-0.093363);(0.120763,-0.032271);(-0.025465,0.122379);(-0.097866,-0.077764);(0.113460,-0.052458);(-0.004150,0.124931);(-0.109729,-0.059871);(0.102810,-0.071099)
(-0.029507,-0.121468);(0.075953,0.099278);(-0.109520,-0.060253);(0.124514,0.011011);(-0.118394,0.040099);(0.092197,-0.084408);(-0.050365,0.114404);(-0.000007,-0.125000);(0.113691,-0.051955);(-0.083115,0.093365);(0.038444,-0.118941);(0.012746,0.124348);(-0.061775,-0.108669);(0.100327,0.074561);(-0.121867,-0.027810);(0.122741,-0.023657);(0.072527,0.101807);(-0.107404,-0.063949);(0.124067,0.015246);(-0.119691,0.036043);(0.095018,-0.081219);(-0.054233,0.112622);(0.004250,-0.124928);(0.046453,0.116048);(-0.086246,0.090480);(0.042473,-0.117563);(0.008503,0.124710);(-0.058037,-0.110710);(0.097730,0.077935);(-0.120849,-0.031945);(0.123476,-0.019463);(-0.105163,0.067570);(-0.105163,-0.067570);(0.123476,0.019463);(-0.120849,0.031945);(0.097730,-0.077935);(-0.058037,0.110710);(0.008503,-0.124710);(0.042473,0.117563);(-0.086246,-0.090480);(0.046453,-0.116048);(0.004250,0.124928);(-0.054233,-0.112622);(0.095018,0.081219);(-0.119691,-0.036043);(0.124067,-0.015246);(-0.107404,0.063949);(0.072527,-0.101807);(0.122741,0.023657);(-0.121867,0.027810);(0.100327,-0.074561);(-0.061775,0.108669);(0.012746,-0.124348);(0.038444,0.118941);(-0.083115,-0.093365);(0.113691,0.051955);(-0.000007,0.125000);(-0.050365,-0.114404);(0.092197,0.084408);(-0.118394,-0.040099);(0.124514,-0.011011);(-0.109520,0.060253);(0.075953,-0.099278);(-0.029507,0.121468)
(0.078016,-0.097666);(0.078016,-0.097666);(0.078016,-0.097666);(0.078016,-0.097666);(0.078016,-0.097666);(0.078016,-0.097666);(0.078016,-0.097666);(0.078016,-0.097666);(0.050532,0.114331);(0.050532,0.114331);(0.050532,0.114331);(0.050532,0.114331);(0.050532,0.114331);(0.050532,0.114331);(0.050532,0.114331);(0.050532,0.114331);(-0.124740,-0.008052);(-0.124740,-0.008052);(-0.124740,-0.008052);(-0.124740,-0.008052);(-0.124740,-0.008052);(-0.124740,-0.008052);(-0.124740,-0.008052);(-0.124740,-0.008052);(0.064811,-0.106885);(0.064811,-0.106885);(0.064811,-0.106885);(0.064811,-0.106885);(0.064811,-0.106885);(0.064811,-0.106885);(0.064811,-0.106885);(0.064811,-0.106885);(0.064811,0.106885);(0.064811,0.106885);(0.064811,0.106885);(0.064811,0.106885);(0.064811,0.106885);(0.064811,0.106885);(0.064811,0.106885);(0.064811,0.106885);(-0.124740,0.008052);(-0.124740,0.008052);(-0.124740,0.008052);(-0.124740,0.008052);(-0.124740,0.008052);(-0.124740,0.008052);(-0.124740,0.008052);(-0.124740,0.008052);(0.050532,-0.114331);(0.050532,-0.114331);(0.050532,-0.114331);(0.050532,-0.114331);(0.050532,-0.114331);(0.050532,-0.114331);(0.050532,-0.114331);(0.050532,-0.114331);(0.078016,0.097666);(0.078016,0.097666);(0.078016,0.097666);(0.078016,0.097666);(0.078016,0.097666);(0.078016,0.097666);(0.078016,0.097666);(0.078016,0.097666)
(0.005778,0.124866);(0.084106,0.092473);(0.123761,0.017558);(0.106508,-0.065430);(0.040281,-0.118332);(-0.044468,-0.116823);(-0.108770,-0.061597);(-0.123057,0.021953);(-0.113391,-0.052607);(-0.120881,0.031824);(-0.072788,0.101622);(0.008775,0.124692);(0.086302,0.090426);(0.124147,0.014581);(0.104906,-0.067969);(0.037428,-0.119265);(0.099071,-0.076223);(0.027669,-0.121899);(-0.056456,-0.111524);(-0.114622,-0.049868);(-0.120082,0.034718);(-0.070326,0.103340);(0.011767,0.124445);(0.088449,0.088328);(0.021783,0.123087);(0.095297,0.080892);(0.124991,0.001501);(0.097212,-0.078580);(0.024733,-0.122529);(-0.059118,-0.110136);(-0.115786,-0.047101);(-0.119214,0.037592);(-0.119214,-0.037592);(-0.115786,0.047101);(-0.059118,0.110136);(0.024733,0.122529);(0.097212,0.078580);(0.124991,-0.001501);(0.095297,-0.080892);(0.021783,-0.123087);(0.088449,-0.088328);(0.011767,-0.124445);(-0.070326,-0.103340);(-0.120082,-0.034718);(-0.114622,0.049868);(-0.056456,0.111524);(0.027669,0.121899);(0.099071,0.076223);(0.037428,0.119265);(0.104906,0.067969);(0.124147,-0.014581);(0.086302,-0.090426);(0.008775,-0.124692);(-0.072788,-0.101622);(-0.120881,-0.031824);(-0.113391,0.052607);(-0.123057,-0.021953);(-0.108770,0.061597);(-0.044468,0.116823);(0.040281,0.118332);(0.106508,0.065430);(0.123761,-0.017558);(0.084106,-0.092473);(0.005778,-0.124866)
(-0.092307,-0.084288);(-0.101353,0.073161);(0.050936,0.114152);(0.122144,-0.026566);(-0.001077,-0.124995);(-0.122584,-0.024457);(-0.048961,0.115012);(0.102599,0.071404);(0.117415,-0.042880);(-0.018014,-0.123695);(-0.124768,-0.007611);(-0.032916,0.120588);(0.111332,0.056834);(0.078360,-0.097389);(-0.079346,-0.096588);(-0.110749,0.057963);(-0.016262,0.123938);(0.118010,0.041215);(0.064433,-0.107114);(-0.091709,-0.084938);(-0.101868,0.072443);(0.050127,0.114509);(0.122329,-0.025701);(-0.000193,-0.125000);(-0.102378,-0.071720);(-0.091106,0.085585);(0.065189,0.106655);(0.117715,-0.042049);(-0.017139,-0.123820);(-0.124711,-0.008493);(-0.033768,0.120353);(0.110927,0.057620);(0.110927,-0.057620);(-0.033768,-0.120353);(-0.124711,0.008493);(-0.017139,0.123820);(0.117715,0.042049);(0.065189,-0.106655);(-0.091106,-0.085585);(-0.102378,0.071720);(-0.000193,0.125000);(0.122329,0.025701);(0.050127,-0.114509);(-0.101868,-0.072443);(-0.091709,0.084938);(0.064433,0.107114);(0.118010,-0.041215);(-0.016262,-0.123938);(-0.110749,-0.057963);(-0.079346,0.096588);(0.078360,0.097389);(0.111332,-0.056834);(-0.032916,-0.120588);(-0.124768,0.007611);(-0.018014,0.123695);(0.117415,0.042880);(0.102599,-0.071404);(-0.048961,-0.115012);(-0.122584,0.024457);(-0.001077,0.124995);(0.122144,0.026566);(0.050936,-0.114152);(-0.101353,-0.073161);(-0.092307,0.084288)
(0.121850,0.027886);(-0.039311,-0.118658);(-0.081097,0.095123);(0.123382,0.020046);(-0.046810,-0.115904);(-0.074855,0.100109);(0.124411,0.012124);(-0.054118,-0.112677);(-0.081062,0.095152);(0.123389,0.020002);(-0.046852,-0.115887);(-0.074819,0.100136);(0.124415,0.012079);(-0.054159,-0.112658);(-0.068270,0.104710);(0.124933,0.004107);(-0.046894,-0.115870);(-0.074782,0.100163);(0.124419,0.012034);(-0.054200,-0.112638);(-0.068232,0.104735);(0.124934,0.004062);(-0.061284,-0.108946);(-0.061402,0.108880);(0.124424,0.011989);(-0.054241,-0.112619);(-0.068194,0.104760);(0.124935,0.004017);(-0.061324,-0.108924);(-0.061363,0.108902);(0.124937,-0.003972);(-0.068156,-0.104784);(-0.068156,0.104784);(0.124937,0.003972);(-0.061363,-0.108902);(-0.061324,0.108924);(0.124935,-0.004017);(-0.068194,-0.104760);(-0.054241,0.112619);(0.124424,-0.011989);(-0.061402,-0.108880);(-0.061284,0.108946);(0.124934,-0.004062);(-0.068232,-0.104735);(-0.054200,0.112638);(0.124419,-0.012034);(-0.074782,-0.100163);(-0.046894,0.115870);(0.124933,-0.004107);(-0.068270,-0.104710);(-0.054159,0.112658);(0.124415,-0.012079);(-0.074819,-0.100136);(-0.046852,0.115887);(0.123389,-0.020002);(-0.081062,-0.095152);(-0.054118,0.112677);(0.124411,-0.012124);(-0.074855,-0.100109);(-0.046810,0.115904);(0.123382,-0.020046);(-0.081097,-0.095123);(-0.039311,0.118658);(0.121850,-0.027886)
(-0.123057,0.021953);(-0.108770,-0.061597);(-0.044468,-0.116823);(0.040281,-0.118332);(0.106508,-0.065430);(0.123761,0.017558);(0.084106,0.092473);(0.005778,0.124866);(0.037428,-0.119265);(0.104906,-0.067969);(0.124147,0.014581);(0.086302,0.090426);(0.008775,0.124692);(-0.072788,0.101622);(-0.120881,0.031824);(-0.113391,-0.052607);(0.088449,0.088328);(0.011767,0.124445);(-0.070326,0.103340);(-0.120082,0.034718);(-0.114622,-0.049868);(-0.056456,-0.111524);(0.027669,-0.121899);(0.099071,-0.076223);(-0.119214,0.037592);(-0.115786,-0.047101);(-0.059118,-0.110136);(0.024733,-0.122529);(0.097212,-0.078580);(0.124991,0.001501);(0.095297,0.080892);(0.021783,0.123087);(0.021783,-0.123087);(0.095297,-0.080892);(0.124991,-0.001501);(0.097212,0.078580);(0.024733,0.122529);(-0.059118,0.110136);(-0.115786,0.047101);(-0.119214,-0.037592);(0.099071,0.076223);(0.027669,0.121899);(-0.056456,0.111524);(-0.114622,0.049868);(-0.120082,-0.034718);(-0.070326,-0.103340);(0.011767,-0.124445);(0.088449,-0.088328);(-0.113391,0.052607);(-0.120881,-0.031824);(-0.072788,-0.101622);(0.008775,-0.124692);(0.086302,-0.090426);(0.124147,-0.014581);(0.104906,0.067969);(0.037428,0.119265);(0.005778,-0.124866);(0.084106,-0.092473);(0.123761,-0.017558);(0.106508,0.065430);(0.040281,0.118332);(-0.044468,0.116823);(-0.108770,0.061597);(-0.123057,-0.021953)
(0.102599,0.071404);(-0.048961,0.115012);(-0.122584,-0.024457);(-0.001077,-0.124995);(0.122144,-0.026566);(0.050936,0.114152);(-0.101353,0.073161);(-0.092307,-0.084288);(-0.110749,0.057963);(-0.079346,-0.096588);(0.078360,-0.097389);(0.111332,0.056834);(-0.032916,0.120588);(-0.124768,-0.007611);(-0.018014,-0.123695);(0.117415,-0.042880);(-0.000193,-0.125000);(0.122329,-0.025701);(0.050127,0.114509);(-0.101868,0.072443);(-0.091709,-0.084938);(0.064433,-0.107114);(0.118010,0.041215);(-0.016262,0.123938);(0.110927,0.057620);(-0.033768,0.120353);(-0.124711,-0.008493);(-0.017139,-0.123820);(0.117715,-0.042049);(0.065189,0.106655);(-0.091106,0.085585);(-0.102378,-0.071720);(-0.102378,0.071720);(-0.091106,-0.085585);(0.065189,-0.106655);(0.117715,0.042049);(-0.017139,0.123820);(-0.124711,0.008493);(-0.033768,-0.120353);(0.110927,-0.057620);(-0.016262,-0.123938);(0.118010,-0.041215);(0.064433,0.107114);(-0.091709,0.084938);(-0.101868,-0.072443);(0.050127,-0.114509);(0.122329,0.025701);(-0.000193,0.125000);(0.117415,0.042880);(-0.018014,0.123695);(-0.124768,0.007611);(-0.032916,-0.120588);(0.111332,-0.056834);(0.078360,0.097389);(-0.079346,0.096588);(-0.110749,-0.057963);(-0.092307,0.084288);(-0.101353,-0.073161);(0.050936,-0.114152);(0.122144,0.026566);(-0.001077,0.124995);(-0.122584,0.024457);(-0.048961,-0.115012);(0.102599,-0.071404)
(-0.054118,-0.112677);(0.124411,0.012124);(-0.074855,0.100109);(-0.046810,-0.115904);(0.123382,0.020046);(-0.081097,0.095123);(-0.039311,-0.118658);(0.121850,0.027886);(0.124933,0.004107);(-0.068270,0.104710);(-0.054159,-0.112658);(0.124415,0.012079);(-0.074819,0.100136);(-0.046852,-0.115887);(0.123389,0.020002);(-0.081062,0.095152);(-0.061402,0.108880);(-0.061284,-0.108946);(0.124934,0.004062);(-0.068232,0.104735);(-0.054200,-0.112638);(0.124419,0.012034);(-0.074782,0.100163);(-0.046894,-0.115870);(-0.068156,-0.104784);(0.124937,-0.003972);(-0.061363,0.108902);(-0.061324,-0.108924);(0.124935,0.004017);(-0.068194,0.104760);(-0.054241,-0.112619);(0.124424,0.011989);(0.124424,-0.011989);(-0.054241,0.112619);(-0.068194,-0.104760);(0.124935,-0.004017);(-0.061324,0.108924);(-0.061363,-0.108902);(0.124937,0.003972);(-0.068156,0.104784);(-0.046894,0.115870);(-0.074782,-0.100163);(0.124419,-0.012034);(-0.054200,0.112638);(-0.068232,-0.104735);(0.124934,-0.004062);(-0.061284,0.108946);(-0.061402,-0.108880);(-0.081062,-0.095152);(0.123389,-0.020002);(-0.046852,0.115887);(-0.074819,-0.100136);(0.124415,-0.012079);(-0.054159,0.112658);(-0.068270,-0.104710);(0.124933,-0.004107);(0.121850,-0.027886);(-0.039311,0.118658);(-0.081097,-0.095123);(0.123382,-0.020046);(-0.046810,0.115904);(-0.074855,-0.100109);(0.124411,-0.012124);(-0.054118,0.112677)
(-0.122254,0.026055);(-0.122254,0.026055);(-0.122254,0.026055);(-0.122254,0.026055);(-0.122254,0.026055);(-0.122254,0.026055);(-0.122254,0.026055);(-0.122254,0.026055);(0.103253,-0.070455);(0.103253,-0.070455);(0.103253,-0.070455);(0.103253,-0.070455);(0.103253,-0.070455);(0.103253,-0.070455);(0.103253,-0.070455);(0.103253,-0.070455);(-0.068838,0.104338);(-0.068838,0.104338);(-0.068838,0.104338);(-0.068838,0.104338);(-0.068838,0.104338);(-0.068838,0.104338);(-0.068838,0.104338);(-0.068838,0.104338);(0.024148,-0.122645);(0.024148,-0.122645);(0.024148,-0.122645);(0.024148,-0.122645);(0.024148,-0.122645);(0.024148,-0.122645);(0.024148,-0.122645);(0.024148,-0.122645);(0.024148,0.122645);(0.024148,0.122645);(0.024148,0.122645);(0.024148,0.122645);(0.024148,0.122645);(0.024148,0.122645);(0.024148,0.122645);(0.024148,0.122645);(-0.068838,-0.104338);(-0.068838,-0.104338);(-0.068838,-0.104338);(-0.068838,-0.104338);(-0.068838,-0.104338);(-0.068838,-0.104338);(-0.068838,-0.104338);(-0.068838,-0.104338);(0.103253,0.070455);(0.103253,0.070455);(0.103253,0.070455);(0.103253,0.070455);(0.103253,0.070455);(0.103253,0.070455);(0.103253,0.070455);(0.103253,0.070455);(-0.122254,-0.026055);(-0.122254,-0.026055);(-0.122254,-0.026055);(-0.122254,-0.026055);(-0.122254,-0.026055);(-0.122254,-0.026055);(-0.122254,-0.026055);(-0.122254,-0.026055)
(0.070678,-0.103100);(-0.009933,-0.124605);(-0.086119,-0.090601);(-0.123941,-0.016237);(-0.106551,0.065360);(-0.041695,0.117841);(0.041734,0.117827);(0.106572,0.065325);(-0.026319,0.122198);(0.056427,0.111539);(0.114036,0.051193);(0.120846,-0.031958);(0.073821,-0.100873);(-0.006088,-0.124852);(-0.083286,-0.093212);(-0.123382,-0.020049);(-0.021968,-0.123054);(-0.094498,-0.081824);(-0.124931,-0.004143);(-0.099711,0.075384);(-0.030072,0.121329);(0.052963,0.113225);(0.112405,0.054683);(0.121773,-0.028219);(0.066977,0.105542);(0.118463,0.039894);(0.117177,-0.043526);(0.063692,-0.107556);(-0.018166,-0.123673);(-0.091932,-0.084697);(-0.124744,-0.007991);(-0.101987,0.072275);(-0.101987,-0.072275);(-0.124744,0.007991);(-0.091932,0.084697);(-0.018166,0.123673);(0.063692,0.107556);(0.117177,0.043526);(0.118463,-0.039894);(0.066977,-0.105542);(0.121773,0.028219);(0.112405,-0.054683);(0.052963,-0.113225);(-0.030072,-0.121329);(-0.099711,-0.075384);(-0.124931,0.004143);(-0.094498,0.081824);(-0.021968,0.123054);(-0.123382,0.020049);(-0.083286,0.093212);(-0.006088,0.124852);(0.073821,0.100873);(0.120846,0.031958);(0.114036,-0.051193);(0.056427,-0.111539);(-0.026319,-0.122198);(0.106572,-0.065325);(0.041734,-0.117827);(-0.041695,-0.117841);(-0.106551,-0.065360);(-0.123941,0.016237);(-0.086119,0.090601);(-0.009933,0.124605);(0.070678,0.103100)
(0.004999,0.124900);(0.123849,0.016927);(0.038331,-0.118978);(-0.110438,-0.058553);(-0.076969,0.098493);(0.083510,0.093011);(0.106186,-0.065952);(-0.046360,-0.116085);(-0.051974,-0.113683);(-0.121022,0.031286);(0.009633,0.124628);(0.124392,0.012317);(0.033887,-0.120319);(-0.112536,-0.054412);(-0.073259,0.101282);(0.086905,0.089847);(0.091190,0.085495);(0.100129,-0.074828);(-0.056158,-0.111675);(-0.119777,0.035757);(0.014253,0.124185);(0.124763,0.007690);(0.029397,-0.121494);(-0.114478,-0.050197);(-0.116793,-0.044546);(-0.064290,0.107200);(0.094301,0.082051);(0.097282,-0.078493);(-0.060266,-0.109513);(-0.118367,0.040179);(0.018854,0.123570);(0.124963,0.003053);(0.124963,-0.003053);(0.018854,-0.123570);(-0.118367,-0.040179);(-0.060266,0.109513);(0.097282,0.078493);(0.094301,-0.082051);(-0.064290,-0.107200);(-0.116793,0.044546);(-0.114478,0.050197);(0.029397,0.121494);(0.124763,-0.007690);(0.014253,-0.124185);(-0.119777,-0.035757);(-0.056158,0.111675);(0.100129,0.074828);(0.091190,-0.085495);(0.086905,-0.089847);(-0.073259,-0.101282);(-0.112536,0.054412);(0.033887,0.120319);(0.124392,-0.012317);(0.009633,-0.124628);(-0.121022,-0.031286);(-0.051974,0.113683);(-0.046360,0.116085);(0.106186,0.065952);(0.083510,-0.093011);(-0.076969,-0.098493);(-0.110438,0.058553);(0.038331,0.118978);(0.123849,-0.016927);(0.004999,-0.124900)
(0.106572,0.065325);(0.041734,0.117827);(-0.041695,0.117841);(-0.106551,0.065360);(-0.123941,-0.016237);(-0.086119,-0.090601);(-0.009933,-0.124605);(0.070678,-0.103100);(-0.123382,-0.020049);(-0.083286,-0.093212);(-0.006088,-0.124852);(0.073821,-0.100873);(0.120846,-0.031958);(0.114036,0.051193);(0.056427,0.111539);(-0.026319,0.122198);(0.121773,-0.028219);(0.112405,0.054683);(0.052963,0.113225);(-0.030072,0.121329);(-0.099711,0.075384);(-0.124931,-0.004143);(-0.094498,-0.081824);(-0.021968,-0.123054);(-0.101987,0.072275);(-0.124744,-0.007991);(-0.091932,-0.084697);(-0.018166,-0.123673);(0.063692,-0.107556);(0.117177,-0.043526);(0.118463,0.039894);(0.066977,0.105542);(0.066977,-0.105542);(0.118463,-0.039894);(0.117177,0.043526);(0.063692,0.107556);(-0.018166,0.123673);(-0.091932,0.084697);(-0.124744,0.007991);(-0.101987,-0.072275);(-0.021968,0.123054);(-0.094498,0.081824);(-0.124931,0.004143);(-0.099711,-0.075384);(-0.030072,-0.121329);(0.052963,-0.113225);(0.112405,-0.054683);(0.121773,0.028219);(-0.026319,-0.122198);(0.056427,-0.111539);(0.114036,-0.051193);(0.120846,0.031958);(0.073821,0.100873);(-0.006088,0.124852);(-0.083286,0.093212);(-0.123382,0.020049);(0.070678,0.103100);(-0.009933,0.124605);(-0.086119,0.090601);(-0.123941,0.016237);(-0.106551,-0.065360);(-0.041695,-0.117841);(0.041734,-0.117827);(0.106572,-0.065325)
(-0.046360,-0.116085);(0.106186,-0.065952);(0.083510,0.093011);(-0.076969,0.098493);(-0.110438,-0.058553);(0.038331,-0.118978);(0.123849,0.016927);(0.004999,0.124900);(0.086905,0.089847);(-0.073259,0.101282);(-0.112536,-0.054412);(0.033887,-0.120319);(0.124392,0.012317);(0.009633,0.124628);(-0.121022,0.031286);(-0.051974,-0.113683);(-0.114478,-0.050197);(0.029397,-0.121494);(0.124763,0.007690);(0.014253,0.124185);(-0.119777,0.035757);(-0.056158,-0.111675);(0.100129,-0.074828);(0.091190,0.085495);(0.124963,0.003053);(0.018854,0.123570);(-0.118367,0.040179);(-0.060266,-0.109513);(0.097282,-0.078493);(0.094301,0.082051);(-0.064290,0.107200);(-0.116793,-0.044546);(-0.116793,0.044546);(-0.064290,-0.107200);(0.094301,-0.082051);(0.097282,0.078493);(-0.060266,0.109513);(-0.118367,-0.040179);(0.018854,-0.123570);(0.124963,-0.003053);(0.091190,-0.085495);(0.100129,0.074828);(-0.056158,0.111675);(-0.119777,-0.035757);(0.014253,-0.124185);(0.124763,-0.007690);(0.029397,0.121494);(-0.114478,0.050197);(-0.051974,0.113683);(-0.121022,-0.031286);(0.009633,-0.124628);(0.124392,-0.012317);(0.033887,0.120319);(-0.112536,0.054412);(-0.073259,-0.101282);(0.086905,-0.089847);(0.004999,-0.124900);(0.123849,-0.016927);(0.038331,0.118978);(-0.110438,0.058553);(-0.076969,-0.098493);(0.083510,-0.093011);(0.106186,0.065952);(-0.046360,0.116085)
