1,
500.391,
-127.562,
0,
-0.763898,
0,
0.763898,
-180,
1,
500.392,
-129.074,
0,
-0.763898,
0,
0.763898,
-180,
1,
500.396,
-109.198,
0,
-0.763898,
0,
0.763898,
-180,
1,
500.402,
-103.978,
0,
-0.763881,
0.381966,
0.763881,
-179.618,
1,
500.41,
-104.364,
0,
-0.763881,
0.381966,
0.763881,
-179.618,
1,
500.421,
-104.671,
0,
-0.763881,
0.381966,
0.763881,
-179.618,
1,
500.435,
-104.973,
0,
-0.763881,
0.381966,
0.763881,
-179.618,
1,
500.451,
-105.277,
0,
-0.763881,
0.381966,
0.763881,
-179.618,
1,
500.47,
-105.624,
0,
-0.763881,
0.381966,
0.763881,
-179.618,
1,
500.491,
-106.011,
0,
-0.763881,
0.381966,
0.763881,
-179.618,
1,
500.514,
-106.33,
0,
-0.763881,
0.381966,
0.763881,
-179.618,
1,
500.54,
-106.587,
0,
-0.763881,
0.381966,
0.763881,
-179.618,
1,
500.568,
-106.772,
0,
-0.763881,
0.381966,
0.763881,
-179.618,
1,
500.599,
-106.91,
0,
-0.763881,
0.381966,
0.763881,
-179.618,
1,
500.633,
-107.076,
0,
-0.763881,
0.381966,
0.763881,
-179.618,
1,
500.668,
-107.199,
0,
-0.763881,
0.381966,
0.763881,
-179.618,
1,
500.707,
-107.198,
0,
-0.763881,
0.381966,
0.763881,
-179.618,
1,
500.747,
-107.092,
0,
-0.763881,
0.381966,
0.763881,
-179.618,
1,
500.791,
-106.852,
0,
-0.763881,
0.381966,
0.763881,
-179.618,
1,
500.836,
-106.576,
0,
-0.763881,
0.381966,
0.763881,
-179.618,
1,
500.884,
-106.291,
0,
-0.763881,
0.381966,
0.763881,
-179.618,
1,
500.935,
-106.054,
0,
-0.763881,
0.381966,
0.763881,
-179.618,
1,
500.988,
-105.867,
0,
-0.763881,
0.381966,
0.763881,
-179.618,
1,
501.044,
-105.935,
0,
-0.763881,
0.381966,
0.763881,
-179.618,
1,
501.102,
-106.247,
0,
-0.763881,
0.381966,
0.763881,
-179.618,
1,
501.162,
-106.337,
0,
-0.763881,
0.381966,
0.763881,
-179.618,
1,
501.225,
-106.301,
0,
-0.763881,
0.381966,
0.763881,
-179.618,
1,
501.29,
-106.579,
0,
-0.763881,
0.381966,
0.763881,
-179.618,
1,
501.358,
-106.979,
0,
-0.763881,
0.381966,
0.763881,
-179.618,
1,
501.428,
-107.144,
0,
-0.763881,
0.381966,
0.763881,
-179.618,
1,
501.501,
-107.212,
0,
-0.763881,
0.381966,
0.763881,
-179.618,
1,
501.576,
-107.295,
0,
-0.763881,
0.381966,
0.763881,
-179.618,
1,
501.654,
-107.279,
0,
-0.763881,
0.381966,
0.763881,
-179.618,
1,
501.734,
-107.092,
0,
-0.763881,
0.381966,
0.763881,
-179.618,
1,
501.817,
-106.772,
0,
-0.763881,
0.381966,
0.763881,
-179.618,
1,
501.902,
-106.318,
0,
-0.763881,
0.381966,
0.763881,
-179.618,
1,
501.989,
-105.774,
0,
-0.763881,
0.381966,
0.763881,
-179.618,
1,
502.079,
-105.143,
0,
-0.763881,
0.381966,
0.763881,
-179.618,
1,
502.171,
-104.503,
0,
-0.763881,
0.381966,
0.763881,
-179.618,
1,
502.266,
-103.875,
0,
-0.763881,
0.381966,
0.763881,
-179.618,
1,
502.363,
-103.624,
0,
-0.763881,
0.381966,
0.763881,
-179.618,
1,
502.463,
-103.665,
0,
-0.763881,
0.381966,
0.763881,
-179.618,
1,
502.565,
-103.64,
0,
-0.763881,
0.381966,
0.763881,
-179.618,
1,
502.67,
-109.386,
0,
-0.763881,
0.381966,
0.763881,
-179.618,
1,
502.776,
-136.079,
0,
-0.760273,
5.5845,
0.760273,
-174.415,
1,
502.886,
-137.422,
0,
-0.760273,
5.5845,
0.760273,
-174.415,
1,
502.998,
-138.063,
0,
-0.760273,
5.5845,
0.760273,
-174.415,
1,
503.112,
-138.411,
0,
-0.760273,
5.5845,
0.760273,
-174.415,
1,
503.229,
-138.562,
0,
-0.760273,
5.5845,
0.760273,
-174.415,
1,
503.348,
-138.942,
0,
-0.760273,
5.5845,
0.760273,
-174.415,
1,
503.469,
-139.814,
0,
-0.760273,
5.5845,
0.760273,
-174.415,
1,
503.593,
-140.659,
0,
-0.760273,
5.5845,
0.760273,
-174.415,
1,
503.72,
-141.395,
0,
-0.760273,
5.5845,
0.760273,
-174.415,
1,
503.849,
-142.051,
0,
-0.760273,
5.5845,
0.760273,
-174.415,
1,
503.98,
-142.624,
0,
-0.760273,
5.5845,
0.760273,
-174.415,
1,
504.114,
-143.123,
0,
-0.760273,
5.5845,
0.760273,
-174.415,
1,
504.25,
-143.469,
0,
-0.760273,
5.5845,
0.760273,
-174.415,
1,
504.388,
-143.12,
0,
-0.760273,
5.5845,
0.760273,
-174.415,
1,
504.529,
-142.433,
0,
-0.760273,
5.5845,
0.760273,
-174.415,
1,
504.672,
-142.27,
0,
-0.760273,
5.5845,
0.760273,
-174.415,
1,
504.818,
-142.061,
0,
-0.760273,
5.5845,
0.760273,
-174.415,
1,
504.966,
-141.124,
0,
-0.760273,
5.5845,
0.760273,
-174.415,
1,
505.117,
-140.087,
0,
-0.760273,
5.5845,
0.760273,
-174.415,
1,
505.27,
-139.326,
0,
-0.760273,
5.5845,
0.760273,
-174.415,
1,
505.425,
-138.607,
0,
-0.760273,
5.5845,
0.760273,
-174.415,
1,
505.583,
-137.833,
0,
-0.760273,
5.5845,
0.760273,
-174.415,
1,
505.743,
-137.411,
0,
-0.760273,
5.5845,
0.760273,
-174.415,
1,
505.906,
-137.475,
0,
-0.760273,
5.5845,
0.760273,
-174.415,
1,
506.07,
-136.953,
0,
-0.760273,
5.5845,
0.760273,
-174.415,
1,
506.238,
-135.835,
0,
-0.760273,
5.5845,
0.760273,
-174.415,
1,
506.407,
-134.925,
0,
-0.760273,
5.5845,
0.760273,
-174.415,
1,
506.58,
-134.196,
0,
-0.760273,
5.5845,
0.760273,
-174.415,
1,
506.754,
-133.738,
0,
-0.760273,
5.5845,
0.760273,
-174.415,
1,
506.931,
-133.547,
0,
-0.760273,
5.5845,
0.760273,
-174.415,
1,
507.11,
-133.771,
0,
-0.760273,
5.5845,
0.760273,
-174.415,
1,
507.292,
-134.092,
0,
-0.760273,
5.5845,
0.760273,
-174.415,
1,
507.476,
-134.137,
0,
-0.760273,
5.5845,
0.760273,
-174.415,
1,
507.662,
-133.868,
0,
-0.760273,
5.5845,
0.760273,
-174.415,
1,
507.851,
-133.027,
0,
-0.760273,
5.5845,
0.760273,
-174.415,
1,
508.042,
-132.271,
0,
-0.760273,
5.5845,
0.760273,
-174.415,
1,
508.235,
-131.811,
0,
-0.760273,
5.5845,
0.760273,
-174.415,
1,
508.431,
-131.827,
0,
-0.760273,
5.5845,
0.760273,
-174.415,
1,
508.629,
-132.417,
0,
-0.760273,
5.5845,
0.760273,
-174.415,
1,
508.83,
-132.837,
0,
-0.760273,
5.5845,
0.760273,
-174.415,
1,
509.032,
-133.049,
0,
-0.760273,
5.5845,
0.760273,
-174.415,
1,
509.238,
-132.987,
0,
-0.760273,
5.5845,
0.760273,
-174.415,
1,
509.445,
-132.614,
0,
-0.760273,
5.5845,
0.760273,
-174.415,
1,
509.655,
-131.704,
0,
-0.760273,
5.5845,
0.760273,
-174.415,
1,
509.867,
-130.263,
0,
-0.760273,
5.5845,
0.760273,
-174.415,
1,
510.082,
-128.09,
0,
-0.760273,
5.5845,
0.760273,
-174.415,
1,
510.299,
-125.593,
0,
-0.760273,
5.5845,
0.760273,
-174.415,
1,
510.518,
-123.069,
0,
-0.760273,
5.5845,
0.760273,
-174.415,
1,
510.739,
-121.194,
0,
-0.760273,
5.5845,
0.760273,
-174.415,
1,
510.963,
-120.878,
0,
-0.760273,
5.5845,
0.760273,
-174.415,
1,
511.189,
-120.592,
0,
-0.760273,
5.5845,
0.760273,
-174.415,
1,
511.418,
-108.292,
0,
-0.760273,
5.5845,
0.760273,
-174.415,
1,
511.649,
-103.094,
0,
-0.747089,
12.0426,
0.747089,
-167.957,
1,
511.882,
-102.833,
0,
-0.747089,
12.0426,
0.747089,
-167.957,
1,
512.117,
-102.605,
0,
-0.747089,
12.0426,
0.747089,
-167.957,
1,
512.355,
-102.415,
0,
-0.747089,
12.0426,
0.747089,
-167.957,
1,
512.595,
-102.557,
0,
-0.747089,
12.0426,
0.747089,
-167.957,
1,
512.837,
-102.949,
0,
-0.747089,
12.0426,
0.747089,
-167.957,
1,
513.082,
-103.257,
0,
-0.747089,
12.0426,
0.747089,
-167.957,
1,
513.329,
-103.51,
0,
-0.747089,
12.0426,
0.747089,
-167.957,
1,
513.578,
-103.679,
0,
-0.747089,
12.0426,
0.747089,
-167.957,
1,
513.829,
-103.725,
0,
-0.747089,
12.0426,
0.747089,
-167.957,
1,
514.083,
-103.522,
0,
-0.747089,
12.0426,
0.747089,
-167.957,
1,
514.339,
-103.296,
0,
-0.743181,
13.3753,
0.743181,
-166.625,
1,
514.598,
-103.211,
0,
-0.743181,
13.3753,
0.743181,
-166.625,
1,
514.858,
-103.165,
0,
-0.742432,
13.6161,
0.742432,
-166.384,
1,
515.121,
-103.098,
0,
-0.742432,
13.6161,
0.742432,
-166.384,
1,
515.386,
-103.32,
0,
-0.742432,
13.6161,
0.742432,
-166.384,
1,
515.654,
-103.93,
0,
-0.742432,
13.6161,
0.742432,
-166.384,
1,
515.923,
-104.255,
0,
-0.742432,
13.6161,
0.742432,
-166.384,
1,
516.195,
-104.281,
0,
-0.742432,
13.6161,
0.742432,
-166.384,
1,
516.469,
-104.323,
0,
-0.742432,
13.6161,
0.742432,
-166.384,
1,
516.746,
-104.365,
0,
-0.742432,
13.6161,
0.742432,
-166.384,
1,
517.024,
-104.413,
0,
-0.742432,
13.6161,
0.742432,
-166.384,
1,
517.305,
-104.453,
0,
-0.742432,
13.6161,
0.742432,
-166.384,
1,
517.588,
-104.463,
0,
-0.742432,
13.6161,
0.742432,
-166.384,
1,
517.874,
-104.415,
0,
-0.742432,
13.6161,
0.742432,
-166.384,
1,
518.161,
-104.175,
0,
-0.742432,
13.6161,
0.742432,
-166.384,
1,
518.451,
-104.062,
0,
-0.742432,
13.6161,
0.742432,
-166.384,
1,
518.743,
-104.387,
0,
-0.742432,
13.6161,
0.742432,
-166.384,
1,
519.037,
-104.71,
0,
-0.742432,
13.6161,
0.742432,
-166.384,
1,
519.334,
-104.871,
0,
-0.742432,
13.6161,
0.742432,
-166.384,
1,
519.632,
-105.029,
0,
-0.742432,
13.6161,
0.742432,
-166.384,
1,
519.933,
-105.206,
0,
-0.742432,
13.6161,
0.742432,
-166.384,
1,
520.236,
-105.359,
0,
-0.742432,
13.6161,
0.742432,
-166.384,
1,
520.542,
-105.478,
0,
-0.742432,
13.6161,
0.742432,
-166.384,
1,
520.849,
-105.375,
0,
-0.742432,
13.6161,
0.742432,
-166.384,
1,
521.159,
-105.126,
0,
-0.742432,
13.6161,
0.742432,
-166.384,
1,
521.471,
-105.136,
0,
-0.742432,
13.6161,
0.742432,
-166.384,
1,
521.785,
-105.246,
0,
-0.742432,
13.6161,
0.742432,
-166.384,
1,
522.101,
-105.166,
0,
-0.742432,
13.6161,
0.742432,
-166.384,
1,
522.419,
-105.064,
0,
-0.742432,
13.6161,
0.742432,
-166.384,
1,
522.74,
-105.106,
0,
-0.742432,
13.6161,
0.742432,
-166.384,
1,
523.063,
-105.208,
0,
-0.742432,
13.6161,
0.742432,
-166.384,
1,
523.387,
-105.367,
0,
-0.742432,
13.6161,
0.742432,
-166.384,
1,
523.715,
-105.467,
0,
-0.742432,
13.6161,
0.742432,
-166.384,
1,
524.044,
-105.434,
0,
-0.742432,
13.6161,
0.742432,
-166.384,
1,
524.375,
-105.457,
0,
-0.742432,
13.6161,
0.742432,
-166.384,
1,
524.709,
-105.574,
0,
-0.742432,
13.6161,
0.742432,
-166.384,
1,
525.044,
-105.716,
0,
-0.742432,
13.6161,
0.742432,
-166.384,
1,
525.382,
-105.877,
0,
-0.742432,
13.6161,
0.742432,
-166.384,
1,
525.722,
-105.95,
0,
-0.742432,
13.6161,
0.742432,
-166.384,
1,
526.064,
-105.982,
0,
-0.742432,
13.6161,
0.742432,
-166.384,
1,
526.408,
-106.263,
0,
-0.742432,
13.6161,
0.742432,
-166.384,
1,
526.754,
-106.597,
0,
-0.742432,
13.6161,
0.742432,
-166.384,
1,
527.103,
-106.54,
0,
-0.742432,
13.6161,
0.742432,
-166.384,
1,
527.453,
-106.303,
0,
-0.742432,
13.6161,
0.742432,
-166.384,
1,
527.806,
-106.023,
0,
-0.742432,
13.6161,
0.742432,
-166.384,
1,
528.161,
-105.739,
0,
-0.742432,
13.6161,
0.742432,
-166.384,
1,
528.518,
-105.524,
0,
-0.742432,
13.6161,
0.742432,
-166.384,
1,
528.876,
-105.315,
0,
-0.742432,
13.6161,
0.742432,
-166.384,
1,
529.238,
-105.148,
0,
-0.742432,
13.6161,
0.742432,
-166.384,
1,
529.601,
-104.661,
0,
-0.742432,
13.6161,
0.742432,
-166.384,
1,
529.966,
-103.745,
0,
-0.742432,
13.6161,
0.742432,
-166.384,
1,
530.333,
-103.097,
0,
-0.742432,
13.6161,
0.742432,
-166.384,
1,
530.702,
-102.743,
0,
-0.720265,
19.46,
0.720265,
-160.54,
1,
531.074,
-102.618,
0,
-0.720265,
19.46,
0.720265,
-160.54,
1,
531.447,
-102.692,
0,
-0.720265,
19.46,
0.720265,
-160.54,
1,
531.823,
-102.811,
0,
-0.720265,
19.46,
0.720265,
-160.54,
1,
532.201,
-102.984,
0,
-0.720265,
19.46,
0.720265,
-160.54,
1,
532.58,
-103.206,
0,
-0.720265,
19.46,
0.720265,
-160.54,
1,
532.962,
-103.406,
0,
-0.720265,
19.46,
0.720265,
-160.54,
1,
533.346,
-103.42,
0,
-0.720265,
19.46,
0.720265,
-160.54,
1,
533.732,
-103.484,
0,
-0.720265,
19.46,
0.720265,
-160.54,
1,
534.119,
-103.742,
0,
-0.720265,
19.46,
0.720265,
-160.54,
1,
534.509,
-104.195,
0,
-0.720265,
19.46,
0.720265,
-160.54,
1,
534.901,
-104.907,
0,
-0.720265,
19.46,
0.720265,
-160.54,
1,
535.295,
-105.575,
0,
-0.720265,
19.46,
0.720265,
-160.54,
1,
535.691,
-106.139,
0,
-0.720265,
19.46,
0.720265,
-160.54,
1,
536.089,
-106.752,
0,
-0.720265,
19.46,
0.720265,
-160.54,
1,
536.489,
-107.405,
0,
-0.720265,
19.46,
0.720265,
-160.54,
1,
536.891,
-107.678,
0,
-0.720265,
19.46,
0.720265,
-160.54,
1,
537.295,
-107.652,
0,
-0.720265,
19.46,
0.720265,
-160.54,
1,
537.701,
-107.597,
0,
-0.720265,
19.46,
0.720265,
-160.54,
1,
538.109,
-107.538,
0,
-0.720265,
19.46,
0.720265,
-160.54,
1,
538.519,
-107.696,
0,
-0.720265,
19.46,
0.720265,
-160.54,
1,
538.931,
-107.856,
0,
-0.720265,
19.46,
0.720265,
-160.54,
1,
539.344,
-107.737,
0,
-0.720265,
19.46,
0.720265,
-160.54,
1,
539.76,
-107.572,
0,
-0.720265,
19.46,
0.720265,
-160.54,
1,
540.178,
-107.49,
0,
-0.720265,
19.46,
0.720265,
-160.54,
1,
540.598,
-107.421,
0,
-0.720265,
19.46,
0.720265,
-160.54,
1,
541.02,
-107.329,
0,
-0.720265,
19.46,
0.720265,
-160.54,
1,
541.443,
-107.398,
0,
-0.720265,
19.46,
0.720265,
-160.54,
1,
541.869,
-107.688,
0,
-0.720265,
19.46,
0.720265,
-160.54,
1,
542.297,
-113.547,
0,
-0.720265,
19.46,
0.720265,
-160.54,
1,
542.726,
-138.038,
0,
-0.704307,
22.7824,
0.704307,
-157.218,
1,
543.158,
-136.165,
0,
-0.704307,
22.7824,
0.704307,
-157.218,
1,
543.591,
-134.35,
0,
-0.704307,
22.7824,
0.704307,
-157.218,
1,
544.027,
-132.638,
0,
-0.704307,
22.7824,
0.704307,
-157.218,
1,
544.464,
-131.064,
0,
-0.704307,
22.7824,
0.704307,
-157.218,
1,
544.903,
-129.673,
0,
-0.704307,
22.7824,
0.704307,
-157.218,
1,
545.344,
-128.658,
0,
-0.704307,
22.7824,
0.704307,
-157.218,
1,
545.787,
-128.354,
0,
-0.704307,
22.7824,
0.704307,
-157.218,
1,
546.232,
-128.539,
0,
-0.704307,
22.7824,
0.704307,
-157.218,
1,
546.679,
-129.302,
0,
-0.704307,
22.7824,
0.704307,
-157.218,
1,
547.128,
-129.811,
0,
-0.704307,
22.7824,
0.704307,
-157.218,
1,
547.578,
-129.611,
0,
-0.704307,
22.7824,
0.704307,
-157.218,
1,
548.031,
-129.527,
0,
-0.704307,
22.7824,
0.704307,
-157.218,
1,
548.485,
-129.677,
0,
-0.704307,
22.7824,
0.704307,
-157.218,
1,
548.941,
-130.264,
0,
-0.704307,
22.7824,
0.704307,
-157.218,
1,
549.399,
-131.26,
0,
-0.704307,
22.7824,
0.704307,
-157.218,
1,
549.859,
-131.668,
0,
-0.704307,
22.7824,
0.704307,
-157.218,
1,
550.321,
-131.677,
0,
-0.704307,
22.7824,
0.704307,
-157.218,
1,
550.785,
-132.132,
0,
-0.704307,
22.7824,
0.704307,
-157.218,
1,
551.25,
-132.584,
0,
-0.704307,
22.7824,
0.704307,
-157.218,
1,
551.718,
-131.941,
0,
-0.704307,
22.7824,
0.704307,
-157.218,
1,
552.187,
-131.05,
0,
-0.704307,
22.7824,
0.704307,
-157.218,
1,
552.658,
-131.029,
0,
-0.704307,
22.7824,
0.704307,
-157.218,
1,
553.131,
-130.788,
0,
-0.704307,
22.7824,
0.704307,
-157.218,
1,
553.606,
-129.344,
0,
-0.704307,
22.7824,
0.704307,
-157.218,
1,
554.082,
-128.559,
0,
-0.689871,
25.4337,
0.689871,
-154.566,
1,
554.561,
-129.44,
0,
-0.689871,
25.4337,
0.689871,
-154.566,
1,
555.041,
-129.373,
0,
-0.689871,
25.4337,
0.689871,
-154.566,
1,
555.523,
-127.808,
0,
-0.689871,
25.4337,
0.689871,
-154.566,
1,
556.007,
-126.754,
0,
-0.689871,
25.4337,
0.689871,
-154.566,
1,
556.492,
-126.251,
0,
-0.689871,
25.4337,
0.689871,
-154.566,
1,
556.98,
-125.358,
0,
-0.689871,
25.4337,
0.689871,
-154.566,
1,
557.469,
-124.234,
0,
-0.689871,
25.4337,
0.689871,
-154.566,
1,
557.96,
-123.534,
0,
-0.689871,
25.4337,
0.689871,
-154.566,
1,
558.453,
-123.015,
0,
-0.689871,
25.4337,
0.689871,
-154.566,
1,
558.947,
-122.133,
0,
-0.689871,
25.4337,
0.689871,
-154.566,
1,
559.444,
-121.41,
0,
-0.689871,
25.4337,
0.689871,
-154.566,
1,
559.942,
-121.587,
0,
-0.689871,
25.4337,
0.689871,
-154.566,
1,
560.442,
-121.956,
0,
-0.689871,
25.4337,
0.689871,
-154.566,
1,
560.943,
-122.013,
0,
-0.689871,
25.4337,
0.689871,
-154.566,
1,
561.447,
-122.353,
0,
-0.689871,
25.4337,
0.689871,
-154.566,
1,
561.952,
-123.227,
0,
-0.689871,
25.4337,
0.689871,
-154.566,
1,
562.459,
-124.139,
0,
-0.689871,
25.4337,
0.689871,
-154.566,
1,
562.967,
-125.022,
0,
-0.689871,
25.4337,
0.689871,
-154.566,
1,
563.478,
-125.76,
0,
-0.689871,
25.4337,
0.689871,
-154.566,
1,
563.99,
-126.338,
0,
-0.689871,
25.4337,
0.689871,
-154.566,
1,
564.504,
-126.548,
0,
-0.689871,
25.4337,
0.689871,
-154.566,
1,
565.019,
-126.459,
0,
-0.689871,
25.4337,
0.689871,
-154.566,
1,
565.536,
-126.258,
0,
-0.689871,
25.4337,
0.689871,
-154.566,
1,
566.055,
-126.16,
0,
-0.689871,
25.4337,
0.689871,
-154.566,
1,
566.576,
-126.921,
0,
-0.689871,
25.4337,
0.689871,
-154.566,
1,
567.098,
-128.053,
0,
-0.689871,
25.4337,
0.689871,
-154.566,
1,
567.622,
-129.064,
0,
-0.689871,
25.4337,
0.689871,
-154.566,
1,
568.148,
-130.182,
0,
-0.689871,
25.4337,
0.689871,
-154.566,
1,
568.675,
-107.551,
0,
-0.689871,
25.4337,
0.689871,
-154.566,
1,
569.205,
-102.285,
0,
-0.671543,
28.4675,
0.671543,
-151.532,
1,
569.735,
-102.983,
0,
-0.671543,
28.4675,
0.671543,
-151.532,
1,
570.268,
-103.803,
0,
-0.671543,
28.4675,
0.671543,
-151.532,
1,
570.802,
-104.766,
0,
-0.671543,
28.4675,
0.671543,
-151.532,
1,
571.338,
-105.243,
0,
-0.671543,
28.4675,
0.671543,
-151.532,
1,
571.875,
-105.224,
0,
-0.671543,
28.4675,
0.671543,
-151.532,
1,
572.414,
-105.102,
0,
-0.671543,
28.4675,
0.671543,
-151.532,
1,
572.955,
-104.893,
0,
-0.671543,
28.4675,
0.671543,
-151.532,
1,
573.497,
-104.806,
0,
-0.671543,
28.4675,
0.671543,
-151.532,
1,
574.042,
-104.801,
0,
-0.671543,
28.4675,
0.671543,
-151.532,
1,
574.587,
-104.864,
0,
-0.671543,
28.4675,
0.671543,
-151.532,
1,
575.135,
-104.992,
0,
-0.671543,
28.4675,
0.671543,
-151.532,
1,
575.683,
-105.205,
0,
-0.671543,
28.4675,
0.671543,
-151.532,
1,
576.234,
-105.408,
0,
-0.671543,
28.4675,
0.671543,
-151.532,
1,
576.786,
-105.482,
0,
-0.671543,
28.4675,
0.671543,
-151.532,
1,
577.34,
-105.662,
0,
-0.671543,
28.4675,
0.671543,
-151.532,
1,
577.895,
-106.107,
0,
-0.671543,
28.4675,
0.671543,
-151.532,
1,
578.452,
-106.277,
0,
-0.671543,
28.4675,
0.671543,
-151.532,
1,
579.011,
-106.063,
0,
-0.671543,
28.4675,
0.671543,
-151.532,
1,
579.571,
-105.666,
0,
-0.671543,
28.4675,
0.671543,
-151.532,
1,
580.133,
-105.097,
0,
-0.671543,
28.4675,
0.671543,
-151.532,
1,
580.696,
-104.459,
0,
-0.671543,
28.4675,
0.671543,
-151.532,
1,
581.261,
-103.793,
0,
-0.671543,
28.4675,
0.671543,
-151.532,
1,
581.828,
-103.415,
0,
-0.671543,
28.4675,
0.671543,
-151.532,
1,
582.396,
-103.169,
0,
-0.671543,
28.4675,
0.671543,
-151.532,
1,
582.966,
-102.721,
0,
-0.671543,
28.4675,
0.671543,
-151.532,
1,
583.537,
-102.274,
0,
-0.671543,
28.4675,
0.671543,
-151.532,
1,
584.11,
-102.043,
0,
-0.671543,
28.4675,
0.671543,
-151.532,
1,
584.684,
-101.884,
0,
-0.671543,
28.4675,
0.671543,
-151.532,
1,
585.26,
-101.744,
0,
-0.671543,
28.4675,
0.671543,
-151.532,
1,
585.837,
-101.567,
0,
-0.671543,
28.4675,
0.671543,
-151.532,
1,
586.416,
-101.283,
0,
-0.671543,
28.4675,
0.671543,
-151.532,
1,
586.997,
-101.164,
0,
-0.671543,
28.4675,
0.671543,
-151.532,
1,
587.579,
-101.276,
0,
-0.671543,
28.4675,
0.671543,
-151.532,
1,
588.163,
-106.976,
0,
-0.671543,
28.4675,
0.671543,
-151.532,
1,
588.748,
-129.691,
0,
-0.64925,
31.7989,
0.64925,
-148.201,
1,
589.334,
-130.138,
0,
-0.64925,
31.7989,
0.64925,
-148.201,
1,
589.922,
-130.324,
0,
-0.64925,
31.7989,
0.64925,
-148.201,
1,
590.512,
-130.282,
0,
-0.64925,
31.7989,
0.64925,
-148.201,
1,
591.103,
-130.113,
0,
-0.64925,
31.7989,
0.64925,
-148.201,
1,
591.696,
-130.015,
0,
-0.64925,
31.7989,
0.64925,
-148.201,
1,
592.29,
-130.127,
0,
-0.64925,
31.7989,
0.64925,
-148.201,
1,
592.886,
-130.724,
0,
-0.64925,
31.7989,
0.64925,
-148.201,
1,
593.483,
-131.698,
0,
-0.64925,
31.7989,
0.64925,
-148.201,
1,
594.081,
-133.028,
0,
-0.64925,
31.7989,
0.64925,
-148.201,
1,
594.681,
-134.724,
0,
-0.64925,
31.7989,
0.64925,
-148.201,
1,
595.283,
-136.862,
0,
-0.64925,
31.7989,
0.64925,
-148.201,
1,
595.886,
-138.956,
0,
-0.64925,
31.7989,
0.64925,
-148.201,
1,
596.49,
-140.938,
0,
-0.64925,
31.7989,
0.64925,
-148.201,
1,
597.096,
-142.389,
0,
-0.64925,
31.7989,
0.64925,
-148.201,
1,
597.704,
-143.34,
0,
-0.64925,
31.7989,
0.64925,
-148.201,
1,
598.312,
-145.104,
0,
-0.64925,
31.7989,
0.64925,
-148.201,
1,
598.923,
-147.275,
0,
-0.64925,
31.7989,
0.64925,
-148.201,
1,
599.534,
-147.882,
0,
-0.64925,
31.7989,
0.64925,
-148.201,
1,
600.148,
-147.669,
0,
-0.64925,
31.7989,
0.64925,
-148.201,
1,
600.762,
-147.987,
0,
-0.64925,
31.7989,
0.64925,
-148.201,
1,
601.378,
-148.143,
0,
-0.64925,
31.7989,
0.64925,
-148.201,
